$SPEC_ID:
No sample description was entered.
$SPEC_REM:
DET# 1
DETDESC# W8481130 Model 928 SN 14338159
AP# Maestro Version 7.01
$DATE_MEA:
05/05/2023 11:29:10
$MEAS_TIM:
46 52
$DATA:
0 2047
       0
       0
       0
       0
       0
       0
       0
      87
    1763
    1705
    1232
    1060
     933
     851
     871
     803
     815
     845
     872
     905
     858
     895
     978
    1021
    1044
    1032
    1020
     980
    1083
    1018
     976
    1007
     965
     940
     910
     888
     921
     918
     824
     854
     850
     829
     838
     763
     827
     809
     810
     843
     786
     791
     832
     795
     776
     763
     789
     850
     795
     746
     802
     828
     826
     815
     813
     812
     766
     833
     811
     826
     904
     883
     899
     892
     875
     908
     883
     906
     932
     949
     942
     951
     988
    1001
    1002
    1023
    1020
    1014
    1027
     981
     981
    1033
    1064
     993
     973
     961
     977
     936
     938
     989
     938
     912
     916
     904
     898
     875
     830
     840
     881
     845
     841
     821
     817
     842
     881
     785
     757
     820
     827
     798
     733
     849
     827
     867
     808
     817
     799
     816
     788
     777
     768
     848
     798
     758
     821
     789
     782
     814
     849
     764
     796
     779
     836
     817
     806
     810
     814
     852
     832
     799
     873
     867
     792
     802
     858
     800
     830
     860
     852
     844
     840
     855
     835
     838
     910
     837
     859
     824
     850
     828
     867
     854
     873
     876
     848
     856
     863
     854
     885
     893
     857
     791
     897
     836
     840
     895
     869
     826
     878
     858
     845
     886
     833
     848
     914
     842
     923
     858
     886
     878
     880
     925
     899
     928
     930
     963
    1008
     988
     972
     961
     944
     961
     986
    1020
    1028
    1051
    1039
    1009
     972
    1042
    1070
     999
    1099
    1101
    1120
    1145
    1145
    1109
    1155
    1117
    1104
    1108
    1093
    1158
    1156
    1143
    1149
    1169
    1201
    1261
    1145
    1146
    1237
    1149
    1219
    1215
    1120
    1188
    1278
    1253
    1200
    1212
    1183
    1231
    1189
    1215
    1196
    1240
    1187
    1186
    1165
    1098
    1172
    1161
    1223
    1217
    1250
    1141
    1177
    1113
    1076
    1089
    1115
    1155
    1134
    1163
    1094
    1165
    1193
    1123
    1151
    1085
    1153
    1087
    1035
    1074
    1100
    1117
    1101
    1111
    1175
    1067
    1061
    1059
    1064
    1140
    1098
    1078
    1097
    1060
    1095
    1135
    1090
    1104
    1059
    1057
     961
    1017
    1025
    1002
    1108
    1070
    1075
     998
     999
     991
    1025
    1068
    1059
    1061
    1012
    1011
     971
     986
     906
     953
    1000
     952
    1037
     985
     984
     993
     964
     962
    1011
    1003
     989
     900
     925
     939
     948
     952
     975
     964
     907
     993
     916
     974
     914
     952
     911
     978
     894
     940
     948
     970
     974
     957
     867
     885
     889
     927
     933
     906
     932
     913
     920
     955
     902
     868
     927
     868
     930
     925
     897
     899
     882
     856
     950
     887
     924
     926
     872
     860
     903
     868
     922
     950
     877
     881
     895
     850
     870
     921
     842
     919
     859
     893
     846
     861
     878
     843
     892
     859
     887
     865
     819
     885
     842
     837
     829
     873
     869
     830
     865
     818
     874
     823
     829
     831
     896
     795
     805
     865
     841
     835
     851
     839
     845
     861
     865
     886
     851
     836
     804
     848
     785
     809
     801
     844
     822
     852
     842
     838
     827
     827
     829
     810
     849
     776
     847
     857
     820
     857
     792
     837
     856
     801
     814
     804
     805
     830
     823
     819
     844
     819
     834
     812
     821
     829
     865
     801
     860
     857
     807
     820
     885
     809
     843
     804
     789
     861
     803
     868
     812
     854
     854
     872
     833
     861
     856
     858
     838
     832
     794
     853
     878
     811
     821
     872
     825
     868
     914
     827
     839
     895
     867
     779
     800
     835
     812
     828
     818
     809
     832
     846
     835
     792
     819
     857
     806
     803
     785
     758
     807
     800
     824
     756
     824
     801
     783
     758
     762
     738
     773
     762
     710
     725
     745
     745
     767
     764
     754
     669
     734
     703
     695
     679
     633
     649
     642
     628
     671
     642
     654
     620
     554
     617
     574
     588
     639
     555
     613
     557
     589
     569
     573
     536
     513
     560
     497
     557
     520
     494
     469
     471
     462
     479
     508
     505
     492
     471
     474
     446
     433
     426
     401
     476
     425
     381
     394
     377
     396
     391
     389
     365
     402
     381
     405
     363
     393
     345
     357
     341
     365
     308
     340
     335
     324
     389
     333
     315
     307
     307
     318
     315
     305
     339
     303
     308
     306
     301
     317
     314
     297
     294
     282
     270
     287
     291
     289
     302
     299
     323
     291
     245
     294
     252
     285
     304
     257
     254
     274
     288
     312
     270
     290
     290
     271
     274
     257
     259
     277
     265
     273
     249
     245
     266
     302
     285
     257
     243
     261
     259
     255
     270
     307
     278
     281
     270
     305
     267
     293
     262
     282
     300
     316
     328
     290
     309
     313
     298
     310
     333
     322
     330
     335
     346
     357
     340
     359
     386
     405
     389
     421
     404
     419
     443
     449
     505
     467
     498
     475
     529
     541
     583
     565
     566
     557
     646
     645
     691
     733
     751
     755
     807
     745
     832
     825
     914
     875
     938
    1013
     971
    1123
    1131
    1094
    1154
    1217
    1292
    1318
    1309
    1401
    1397
    1465
    1498
    1608
    1676
    1676
    1775
    1799
    1896
    1954
    1984
    2023
    2114
    2197
    2173
    2192
    2293
    2511
    2406
    2647
    2516
    2626
    2735
    2750
    2790
    2903
    3008
    3001
    2968
    3068
    3128
    3155
    3285
    3380
    3395
    3365
    3592
    3528
    3643
    3666
    3672
    3814
    3958
    3841
    3894
    3897
    4091
    4002
    4031
    4087
    4193
    3973
    4104
    4066
    4219
    4168
    4169
    4227
    4174
    4140
    4198
    4306
    4152
    4131
    4221
    4244
    4138
    4090
    4133
    4003
    4068
    4122
    4005
    4057
    3932
    3886
    3841
    3825
    3858
    3719
    3619
    3603
    3630
    3530
    3550
    3459
    3396
    3293
    3300
    3246
    3232
    3136
    3021
    2972
    2915
    2849
    2783
    2655
    2675
    2657
    2583
    2505
    2377
    2395
    2341
    2225
    2193
    2128
    2076
    1992
    1860
    1891
    1790
    1737
    1749
    1671
    1657
    1552
    1603
    1488
    1424
    1364
    1333
    1279
    1310
    1234
    1165
    1142
    1046
    1113
     996
     951
     943
     963
     881
     866
     810
     809
     781
     728
     724
     687
     632
     666
     622
     569
     557
     537
     488
     534
     520
     468
     437
     424
     453
     373
     396
     381
     345
     344
     394
     332
     322
     292
     291
     275
     288
     224
     263
     238
     251
     219
     265
     218
     243
     201
     229
     196
     212
     177
     184
     180
     164
     138
     152
     176
     166
     159
     126
     124
     144
     137
     125
     135
     147
     119
     129
     119
     106
      80
     120
     101
      93
     104
      88
      92
      75
      93
      92
      85
      86
      82
      83
      83
     104
      70
      83
      78
      84
      72
      74
      62
      74
      88
      66
      68
      58
      61
      59
      58
      50
      45
      60
      59
      58
      61
      54
      56
      54
      68
      56
      51
      55
      43
      64
      49
      55
      47
      53
      48
      54
      59
      42
      45
      55
      49
      44
      49
      57
      55
      57
      44
      40
      41
      49
      49
      46
      48
      43
      54
      41
      41
      43
      52
      40
      46
      47
      38
      43
      32
      53
      47
      51
      40
      42
      59
      48
      56
      34
      38
      51
      47
      32
      41
      45
      28
      35
      28
      39
      45
      37
      30
      39
      52
      43
      44
      48
      41
      40
      39
      39
      35
      43
      34
      35
      33
      43
      36
      44
      32
      34
      40
      42
      35
      37
      41
      51
      46
      38
      35
      37
      41
      39
      38
      31
      43
      35
      36
      51
      48
      41
      41
      46
      43
      34
      28
      43
      34
      31
      28
      30
      33
      29
      46
      29
      39
      40
      28
      41
      30
      31
      35
      27
      41
      31
      29
      35
      26
      34
      37
      30
      40
      25
      28
      32
      24
      28
      31
      27
      41
      37
      32
      22
      28
      31
      34
      31
      42
      28
      23
      27
      34
      29
      27
      32
      31
      30
      23
      28
      27
      19
      30
      29
      42
      23
      32
      31
      31
      30
      28
      20
      30
      33
      23
      32
      25
      33
      25
      33
      26
      30
      30
      26
      26
      31
      31
      37
      17
      28
      24
      26
      24
      28
      20
      32
      24
      27
      27
      11
      25
      24
      21
      23
      19
      28
      28
      19
      28
      35
      25
      20
      36
      22
      29
      18
      28
      24
      21
      24
      22
      16
      41
      25
      19
      21
      28
      29
      27
      21
      31
      22
      18
      32
      23
      20
      23
      26
      23
      26
      28
      23
      24
      22
      30
      25
      18
      19
      27
      23
      19
      27
      30
      18
      18
      17
      28
      27
      25
      16
      30
      23
      21
      21
      17
      12
      26
      23
      22
      23
      20
      28
      21
      19
      20
      23
      24
      20
      24
      16
      20
      17
      27
      22
      28
      24
      22
      25
      24
      35
      18
      22
      27
      22
      16
      15
      15
      20
      27
      23
      20
      20
      13
      18
      20
      24
      24
      16
      24
      14
      17
      16
      21
      23
      18
      11
      19
      23
      23
      17
      14
      29
       9
      23
      22
      18
      21
      15
      15
      19
      16
      18
      20
      26
      16
      25
      16
      13
      29
      17
      24
      17
       9
      23
      15
      15
      17
      16
      15
      19
      20
      17
      20
      18
      20
      15
      18
      18
       9
      12
      13
      16
      18
      12
      17
      18
      12
      18
      15
      14
      13
      12
      13
      17
      11
      19
      15
      21
      20
      16
      18
      17
      16
      18
      17
      10
       9
      17
      18
      18
      17
      18
      10
      13
      24
      13
      20
      13
      21
      18
       7
      14
       9
      13
      19
      16
      15
      15
      13
      16
      14
      18
      13
      13
      14
      15
      12
      14
      13
      15
       7
      14
      21
      12
      14
      11
      14
      12
      22
      12
      12
      13
       7
      14
      13
      10
      12
      11
      17
      11
      15
      14
      18
      13
       9
      13
      13
      14
      11
      10
      13
      13
       9
      14
      17
      13
      14
      18
      15
      12
      15
      16
      10
      17
      13
       7
      14
      15
       6
      12
      15
       9
      13
      13
      14
       9
      23
      12
      12
      13
      12
       9
      14
      10
      14
      18
      13
      14
      12
      19
      14
      13
       9
      16
      15
      20
      12
       9
      16
       7
      14
      10
      12
      16
      15
      10
      12
      11
      18
      15
      13
      15
      11
      13
      18
      18
      12
       9
      24
      11
      19
       8
      14
      11
      14
       9
      14
      15
      11
      10
      18
      12
      13
      14
      15
      17
      12
      15
      17
      26
      15
      19
      13
      19
      14
      10
      12
      15
      15
      14
      11
      14
      13
      18
      14
      14
      18
      15
      20
      16
      15
      13
      16
      16
      20
      18
      11
      14
      18
      13
      16
      19
      11
      13
      14
      14
      15
      14
      18
      16
      14
      17
      19
      11
      15
       9
      13
       7
      12
      17
      17
      16
      18
      17
      20
      16
      21
      18
      11
      11
      13
      16
      16
      16
      13
      16
      12
      11
      17
      11
      13
      12
      14
      18
       7
      11
      17
      10
      10
      10
       9
      10
      20
      11
      13
      11
      12
      15
       8
      16
      15
      14
      13
      12
      17
      10
      15
      14
       9
      10
      15
      13
      10
      10
      19
      10
       7
      15
      11
      12
       9
      10
      12
      11
      15
       8
      11
      10
       8
       8
       4
       6
       6
       7
       5
       8
       9
       4
       8
       6
       9
       7
       5
       6
       7
       6
       7
      13
       6
       7
       3
       4
       7
       5
       6
       4
       6
       4
       8
       4
       7
       5
       8
       1
       5
       2
       7
       3
       5
       5
       2
       1
       6
       7
       3
       2
       3
       6
       5
       5
       4
       5
       2
       2
       3
       3
       3
       3
       1
       4
       4
       4
       2
       5
       2
       3
       2
       2
       2
       4
       0
       0
       4
       0
       0
       2
       4
       2
       2
       2
       3
       1
       5
       2
       1
       2
       0
       2
       2
       0
       2
       0
       3
       0
       1
       4
       1
       1
       0
       3
       3
       0
       2
       0
       0
       2
       0
       2
       0
       1
       0
       1
       1
       0
       1
       0
       0
       1
       0
       1
       0
       0
       0
       1
       0
       1
       0
       0
       0
       3
       2
       2
       1
       1
       1
       0
       1
       0
       0
       1
       0
       0
       0
       0
       1
       0
       0
       1
       1
       0
       0
       0
       1
       0
       0
       3
       1
       0
       1
       2
       1
       0
       1
       1
       0
       1
       1
       0
       0
       0
       2
       0
       0
       0
       2
       0
       1
       0
       1
       0
       0
       0
       0
       0
       1
       0
       0
       0
       0
       1
       0
       1
       1
       0
       0
       0
       0
       0
       0
       0
       1
       0
       0
       1
       2
       1
       0
       1
       0
       1
       0
       0
       1
       1
       0
       0
       0
       0
       0
       1
       0
       0
       0
       0
       0
       0
       0
       0
       0
       0
       0
       0
       0
       0
       0
       1
       1
       0
       0
       0
       0
       0
       0
       0
       1
       1
       0
       0
       1
       1
       0
       2
       0
       0
       0
       1
       2
       1
       1
       0
       0
       0
       0
       0
       0
       0
       0
       0
       1
       0
       0
       0
       1
       0
       0
       0
       0
       0
       0
       0
       0
       1
       0
       0
       0
       0
       1
       0
       0
       0
       0
       1
       0
       0
       0
       0
       1
       1
       1
       0
       0
       0
       1
       0
       0
       0
       0
       0
       0
       0
       0
       0
       1
       1
       0
       0
       0
       1
       0
       0
       1
       0
       0
       0
       0
       0
       0
       0
       0
       0
       0
       0
       1
       0
       0
       1
       1
       1
       0
       0
       0
       1
       0
       0
       0
       1
       0
       1
       0
       0
       0
       0
       0
       0
       0
       0
       0
       0
       0
       0
       0
       0
       0
       0
       0
       0
       0
       0
       0
       0
       0
       0
       0
       0
       1
       0
       1
       0
       1
       0
       0
       0
       0
       0
       0
       0
       0
       0
       0
       0
       0
       0
       0
       0
       0
       0
       0
       0
       0
       0
       0
       0
       0
       0
       0
       0
       0
       0
       0
       0
       0
       0
       0
       0
       0
       0
       0
       0
$ROI:
2
656 938
1682 1897
$PRESETS:
Real Time
120
0
$ENER_FIT:
0.000000 0.836633
$MCA_CAL:
3
0.000000E+000 8.366329E-001 0.000000E+000 keV
$SHAPE_CAL:
3
9.187192E+001 0.000000E+000 0.000000E+000
