$SPEC_ID:
No sample description was entered.
$SPEC_REM:
DET# 1
DETDESC# W8481130 Model 928 SN 14338159
AP# Maestro Version 7.01
$DATE_MEA:
05/05/2023 11:35:46
$MEAS_TIM:
94 98
$DATA:
0 2047
       0
       0
       0
       0
       0
       0
       0
      22
    2793
    4072
    2300
    1758
    1237
    1011
     726
     577
     477
     393
     363
     340
     345
     281
     268
     275
     272
     260
     270
     273
     276
     259
     254
     265
     236
     272
     273
     229
     274
     252
     252
     276
     262
     240
     243
     291
     252
     278
     240
     258
     239
     269
     257
     255
     248
     232
     227
     273
     289
     266
     261
     275
     255
     261
     223
     234
     266
     278
     292
     278
     276
     256
     275
     260
     296
     276
     279
     282
     307
     291
     329
     307
     317
     322
     317
     307
     317
     339
     343
     343
     363
     322
     301
     335
     303
     306
     272
     340
     293
     283
     312
     303
     307
     275
     310
     278
     336
     284
     272
     271
     285
     276
     294
     285
     275
     292
     246
     260
     250
     280
     276
     260
     261
     253
     273
     271
     280
     257
     275
     262
     258
     280
     271
     251
     283
     268
     266
     271
     286
     217
     254
     267
     264
     291
     255
     260
     276
     270
     279
     279
     284
     265
     273
     273
     275
     265
     259
     280
     279
     276
     311
     276
     275
     285
     288
     277
     308
     289
     277
     292
     273
     269
     280
     283
     274
     288
     289
     269
     298
     301
     290
     305
     306
     282
     284
     276
     295
     290
     329
     308
     288
     309
     291
     297
     302
     296
     293
     298
     289
     298
     286
     298
     305
     261
     300
     267
     317
     288
     285
     294
     272
     281
     301
     304
     284
     286
     281
     289
     288
     322
     277
     323
     314
     294
     289
     302
     340
     296
     326
     323
     328
     294
     329
     320
     320
     342
     325
     296
     331
     307
     295
     320
     321
     327
     306
     322
     379
     338
     367
     364
     355
     373
     349
     360
     379
     393
     376
     362
     405
     365
     387
     389
     355
     401
     388
     406
     413
     395
     403
     396
     385
     418
     420
     411
     414
     433
     415
     416
     424
     407
     414
     395
     424
     421
     436
     435
     390
     421
     405
     410
     444
     449
     394
     414
     384
     409
     471
     420
     402
     439
     382
     409
     439
     425
     422
     446
     425
     391
     411
     426
     383
     401
     392
     382
     399
     405
     432
     425
     411
     362
     448
     405
     422
     369
     395
     401
     401
     369
     347
     388
     396
     379
     413
     387
     371
     397
     367
     391
     396
     373
     369
     378
     408
     358
     348
     374
     358
     392
     353
     382
     379
     343
     385
     334
     410
     383
     346
     356
     351
     394
     359
     358
     397
     361
     352
     360
     363
     338
     339
     374
     353
     336
     367
     369
     356
     358
     324
     334
     359
     336
     366
     340
     322
     336
     356
     360
     329
     347
     345
     317
     329
     397
     354
     351
     314
     319
     348
     327
     325
     373
     315
     326
     352
     344
     334
     346
     328
     304
     318
     336
     295
     329
     318
     308
     314
     318
     309
     275
     332
     318
     333
     313
     306
     333
     336
     310
     286
     301
     341
     313
     310
     295
     302
     327
     305
     297
     330
     313
     352
     309
     298
     305
     329
     300
     289
     312
     317
     309
     318
     303
     312
     316
     290
     319
     311
     308
     269
     272
     307
     308
     304
     304
     300
     328
     277
     316
     263
     274
     277
     334
     303
     265
     281
     284
     257
     282
     260
     284
     311
     297
     291
     310
     290
     288
     308
     296
     294
     271
     341
     308
     319
     292
     282
     274
     277
     318
     300
     274
     252
     318
     306
     281
     264
     291
     304
     271
     281
     293
     303
     299
     292
     305
     303
     293
     287
     277
     255
     270
     247
     271
     296
     286
     266
     278
     282
     301
     288
     307
     269
     284
     249
     278
     266
     273
     262
     306
     257
     288
     261
     262
     270
     299
     289
     265
     250
     290
     261
     304
     246
     261
     273
     256
     240
     261
     267
     260
     285
     265
     279
     338
     247
     268
     270
     296
     253
     275
     264
     261
     260
     266
     248
     274
     287
     270
     255
     264
     268
     263
     258
     300
     285
     268
     280
     268
     286
     275
     255
     273
     284
     273
     297
     246
     261
     301
     276
     251
     260
     306
     285
     283
     268
     274
     277
     271
     291
     293
     267
     272
     283
     264
     262
     294
     269
     309
     296
     305
     220
     261
     241
     280
     263
     256
     262
     241
     273
     278
     268
     269
     276
     237
     242
     233
     260
     296
     268
     266
     260
     289
     256
     244
     273
     268
     274
     247
     257
     254
     280
     261
     224
     245
     257
     258
     260
     259
     250
     248
     256
     261
     271
     258
     269
     281
     238
     255
     247
     270
     257
     250
     257
     246
     255
     281
     294
     284
     257
     282
     257
     252
     302
     232
     242
     249
     260
     260
     248
     263
     299
     252
     254
     243
     262
     239
     255
     235
     253
     241
     258
     234
     272
     217
     245
     273
     268
     263
     260
     282
     260
     244
     256
     263
     275
     227
     244
     275
     264
     232
     278
     218
     253
     235
     253
     274
     259
     252
     274
     254
     244
     273
     246
     237
     261
     256
     227
     264
     270
     281
     235
     269
     255
     261
     233
     233
     259
     274
     252
     232
     248
     247
     271
     231
     226
     262
     290
     257
     250
     236
     235
     249
     258
     258
     241
     258
     273
     227
     282
     225
     253
     261
     250
     280
     295
     263
     257
     291
     233
     249
     263
     241
     249
     264
     294
     265
     257
     243
     264
     270
     258
     255
     282
     275
     253
     252
     256
     240
     237
     269
     250
     279
     278
     240
     230
     278
     269
     255
     255
     265
     262
     263
     257
     268
     265
     255
     214
     229
     252
     271
     279
     237
     239
     242
     267
     278
     271
     267
     252
     279
     249
     271
     268
     265
     287
     273
     249
     266
     243
     262
     272
     260
     281
     267
     244
     283
     264
     244
     237
     260
     265
     261
     269
     243
     275
     264
     271
     253
     261
     265
     264
     263
     263
     250
     241
     239
     250
     261
     248
     256
     242
     274
     228
     271
     229
     270
     238
     257
     273
     239
     289
     257
     262
     271
     221
     262
     281
     251
     275
     264
     256
     255
     284
     271
     256
     259
     312
     262
     269
     281
     257
     273
     251
     256
     295
     283
     263
     264
     253
     275
     280
     279
     264
     260
     270
     266
     280
     283
     282
     293
     287
     260
     283
     282
     275
     259
     284
     263
     281
     240
     272
     264
     296
     262
     260
     268
     283
     274
     290
     290
     264
     272
     278
     282
     270
     264
     278
     271
     294
     278
     274
     285
     310
     301
     271
     271
     271
     293
     297
     281
     268
     250
     291
     293
     286
     292
     290
     249
     252
     295
     266
     280
     264
     278
     276
     273
     295
     279
     273
     296
     254
     269
     268
     270
     311
     297
     325
     251
     306
     276
     299
     283
     307
     314
     322
     283
     266
     297
     296
     323
     335
     330
     293
     301
     280
     327
     311
     285
     296
     276
     298
     289
     293
     304
     317
     316
     308
     279
     326
     288
     280
     293
     307
     301
     251
     285
     285
     269
     306
     295
     287
     270
     298
     299
     260
     310
     282
     323
     321
     301
     292
     307
     282
     324
     308
     274
     277
     323
     304
     281
     305
     312
     326
     278
     297
     299
     291
     305
     272
     312
     342
     264
     308
     305
     301
     299
     311
     305
     296
     292
     289
     290
     303
     341
     318
     332
     277
     275
     322
     309
     314
     299
     289
     279
     284
     284
     277
     291
     293
     279
     268
     312
     279
     304
     298
     279
     273
     287
     288
     285
     259
     287
     270
     298
     293
     299
     274
     280
     273
     298
     297
     255
     260
     285
     298
     264
     273
     235
     261
     257
     252
     271
     256
     270
     276
     259
     273
     275
     295
     271
     234
     251
     253
     248
     241
     268
     282
     260
     272
     263
     251
     262
     253
     270
     243
     241
     228
     245
     281
     238
     236
     235
     258
     239
     208
     251
     224
     211
     246
     234
     238
     225
     263
     246
     226
     239
     227
     237
     220
     209
     243
     200
     221
     231
     233
     265
     239
     223
     234
     219
     232
     224
     267
     238
     229
     227
     258
     199
     231
     187
     235
     193
     224
     220
     213
     236
     231
     219
     209
     220
     215
     204
     221
     216
     230
     201
     227
     188
     200
     215
     223
     231
     201
     193
     195
     224
     198
     213
     206
     218
     198
     207
     185
     189
     216
     217
     201
     208
     194
     207
     229
     213
     203
     215
     215
     219
     212
     214
     205
     205
     191
     208
     212
     219
     218
     199
     208
     208
     179
     215
     213
     209
     205
     208
     223
     219
     187
     225
     217
     227
     210
     226
     209
     218
     217
     225
     223
     204
     202
     252
     216
     223
     249
     222
     221
     202
     231
     212
     245
     256
     236
     255
     231
     234
     240
     212
     258
     256
     259
     263
     230
     246
     275
     245
     233
     229
     253
     267
     276
     257
     251
     285
     277
     280
     266
     299
     285
     315
     289
     283
     298
     312
     307
     330
     300
     308
     313
     341
     341
     332
     311
     386
     297
     357
     366
     371
     328
     356
     396
     386
     367
     375
     423
     414
     392
     363
     394
     427
     394
     437
     424
     445
     426
     464
     472
     474
     453
     459
     425
     487
     499
     482
     502
     481
     515
     485
     495
     503
     541
     532
     559
     568
     514
     610
     570
     553
     542
     547
     564
     573
     590
     590
     598
     604
     581
     611
     631
     610
     577
     588
     569
     611
     663
     578
     627
     652
     598
     608
     621
     605
     661
     655
     644
     675
     636
     690
     673
     649
     650
     585
     617
     626
     597
     683
     709
     657
     640
     661
     628
     620
     638
     661
     608
     570
     617
     600
     623
     604
     579
     632
     583
     622
     595
     574
     571
     528
     600
     579
     570
     573
     521
     545
     536
     549
     518
     534
     489
     511
     548
     532
     500
     504
     494
     503
     456
     500
     493
     446
     457
     465
     439
     441
     449
     485
     452
     424
     439
     429
     391
     432
     414
     403
     445
     412
     413
     398
     394
     412
     397
     369
     376
     390
     407
     365
     365
     358
     351
     371
     371
     348
     344
     349
     390
     345
     337
     345
     364
     352
     347
     374
     361
     373
     366
     317
     323
     371
     370
     301
     334
     360
     336
     373
     362
     347
     369
     327
     315
     375
     338
     410
     385
     368
     374
     359
     363
     389
     357
     374
     369
     382
     380
     369
     392
     401
     400
     389
     408
     424
     426
     414
     399
     409
     427
     391
     415
     436
     421
     437
     440
     432
     455
     451
     394
     433
     485
     464
     478
     473
     437
     465
     460
     454
     471
     480
     455
     469
     472
     507
     502
     477
     475
     482
     461
     532
     495
     490
     497
     477
     496
     487
     488
     484
     555
     515
     551
     526
     492
     518
     517
     505
     511
     523
     508
     473
     490
     545
     486
     540
     519
     500
     563
     503
     496
     482
     490
     504
     479
     501
     482
     482
     486
     475
     531
     500
     499
     441
     462
     464
     440
     475
     429
     508
     434
     501
     424
     413
     458
     417
     415
     428
     418
     415
     424
     427
     397
     428
     390
     365
     410
     372
     370
     340
     364
     352
     356
     345
     345
     312
     341
     311
     313
     333
     294
     309
     304
     321
     305
     307
     299
     301
     287
     273
     294
     217
     286
     254
     271
     269
     269
     228
     243
     231
     219
     224
     211
     219
     215
     219
     203
     196
     202
     219
     202
     209
     184
     186
     203
     201
     162
     194
     168
     140
     173
     167
     176
     150
     162
     140
     161
     132
     187
     152
     132
     133
     152
     120
     117
     136
     122
     112
     126
     112
     126
     129
     111
     107
     124
     113
      97
     110
     103
      96
      93
     113
     108
      87
      87
     107
     106
      83
      87
      82
      88
      71
      88
      95
      85
      75
      70
      98
      80
      73
      87
      76
      70
      75
      74
      61
      77
      78
      79
      79
      74
      63
      77
      79
      67
      54
      75
      72
      77
      63
      71
      57
      66
      60
      69
      55
      47
      57
      56
      73
      70
      59
      58
      55
      63
      55
      53
      61
      69
      58
      50
      50
      58
      62
      59
      62
      55
      51
      55
      47
      60
      43
      35
      51
      54
      58
      58
      51
      43
      54
      63
      52
      43
      41
      34
      43
      38
      38
      47
      52
      40
      48
      45
      46
      53
      53
      34
      41
      48
      46
      47
      37
      45
      31
      37
      30
      54
      47
      32
      44
      45
      33
      37
      45
      42
      48
      35
      37
      48
      45
      44
      36
      40
      50
      41
      41
      41
      39
      43
      44
      34
      45
      52
      36
      31
      34
      44
      41
      36
      37
      32
      31
      41
      43
      33
      36
      32
      21
      43
      39
      40
      34
      40
      43
      39
      40
      30
      40
      42
      43
      41
      54
      43
      42
      42
      47
      35
      31
      39
      45
      36
      44
      39
      31
      38
      41
      41
      38
      31
      37
      45
      23
      36
      43
      36
      28
      37
      43
      33
      26
      38
      32
      36
      30
      34
      33
      40
      34
      38
      34
      35
      32
      35
      38
      30
      26
      45
      35
      26
      28
      29
      38
      22
      48
      27
      30
      22
      33
      35
      34
      33
      17
      29
      47
      37
      42
      29
      25
      43
      31
      24
      35
      27
      29
      25
      33
      32
      35
      33
      26
      35
      21
      28
      32
      26
      26
      31
      34
      36
      33
      36
      41
      34
      26
      32
      44
      21
      35
      30
      30
      31
      25
      37
      24
      32
      31
      22
      38
      23
      30
      34
      27
      30
      34
      40
      19
      25
      35
      40
      22
      38
      26
      37
      34
      29
      34
      35
      32
      39
      31
      32
      34
      29
      31
      33
      22
      33
      29
      40
      38
      22
      27
      40
      36
      32
      25
      28
      35
      27
      29
       0
       0
       0
       0
       0
       0
       0
       0
       0
       0
       0
       0
       0
       0
       0
       0
       0
       0
       0
       0
       0
       0
       0
       0
       0
       0
       0
       0
       0
       0
       0
       0
$ROI:
1
1490 1717
$PRESETS:
Real Time
120
0
$ENER_FIT:
51.257332 0.808399
$MCA_CAL:
3
5.125733E+001 8.083990E-001 0.000000E+000 keV
$SHAPE_CAL:
3
5.476517E+001 3.156971E-002 0.000000E+000
