$SPEC_ID:
No sample description was entered.
$SPEC_REM:
DET# 1
DETDESC# W8481118 Model 928 SN 14338160
AP# Maestro Version 7.01
$DATE_MEA:
03/30/2023 15:51:58
$MEAS_TIM:
60 60
$DATA:
0 2047
       0
       0
       0
       0
       0
       0
       0
       0
       0
       0
       0
       0
       0
       0
       0
      23
      16
      25
      26
      28
      26
      25
      37
      35
      38
      18
      29
      35
      35
      41
      44
      59
      51
      43
      57
      44
      42
      46
      37
      40
      34
      37
      32
      43
      33
      40
      47
      31
      32
      47
      42
      41
      34
      46
      44
      57
      48
      55
      48
      41
      50
      47
      53
      45
      42
      66
      44
      50
      51
      61
      58
      54
      53
      49
      60
      50
      55
      75
      80
      59
      63
      63
      59
      67
      79
      57
      83
      70
      71
      81
      73
      91
      80
      83
      96
      90
      89
     111
      76
     101
      97
      97
     109
      88
     104
      85
      96
     109
      92
      95
      84
      85
      89
      86
     105
      99
      80
      86
      95
      87
      96
      92
      95
      86
      97
      99
      99
      86
     107
      92
      85
     100
      95
      83
     104
      88
      78
      82
     106
      90
      89
      80
      93
      85
      69
      91
      77
      75
      75
      87
      66
      78
      78
      93
      79
     106
     103
      91
      93
      96
      96
      86
      83
      84
      77
     101
      90
      75
      96
     103
      89
     100
     107
     105
     107
     128
     110
      98
      91
     100
     106
      76
     108
      88
     104
      91
      80
      77
      77
      81
      82
      73
      67
      65
      54
      58
      85
      54
      64
      81
      91
      69
      73
      85
      68
      76
      70
      81
      81
      75
      67
      75
      59
      77
      58
      72
      77
      65
      90
      85
      58
      66
      59
      65
      76
      63
      68
      54
      71
      71
      66
      57
      57
      71
      67
      69
      58
      68
      60
      57
      54
      68
      75
      77
      69
      80
      68
      66
      72
      47
      59
      66
      60
      60
      55
      72
      78
      64
      76
      64
      63
      56
      61
      49
      90
      71
      52
      57
      72
      60
      62
      88
      63
      52
      68
      61
      67
      59
      68
      72
      74
      69
      67
      72
      60
      53
      62
      64
      70
      55
      67
      58
      49
      68
      88
      59
      57
      60
      73
      58
      54
      62
      55
      65
      59
      48
      46
      66
      50
      53
      50
      58
      52
      59
      54
      56
      57
      51
      48
      36
      48
      45
      58
      61
      44
      52
      40
      58
      52
      47
      50
      39
      44
      41
      44
      46
      36
      44
      39
      44
      46
      40
      45
      36
      55
      41
      42
      46
      38
      38
      38
      37
      37
      54
      42
      49
      38
      27
      43
      58
      39
      36
      38
      36
      42
      33
      52
      44
      40
      35
      44
      33
      42
      35
      31
      31
      49
      39
      41
      39
      29
      45
      26
      33
      45
      44
      42
      31
      33
      37
      44
      26
      35
      42
      35
      40
      29
      35
      37
      35
      35
      37
      34
      32
      34
      37
      43
      38
      37
      39
      37
      34
      42
      32
      36
      48
      33
      39
      31
      44
      41
      54
      35
      27
      33
      39
      36
      44
      34
      32
      29
      28
      34
      33
      38
      37
      33
      33
      38
      36
      33
      38
      31
      42
      30
      34
      25
      28
      24
      26
      28
      34
      28
      21
      27
      37
      31
      36
      41
      37
      27
      31
      36
      38
      27
      37
      46
      30
      35
      50
      47
      44
      50
      43
      49
      49
      45
      55
      65
      54
      55
      58
      71
      80
      60
      86
      80
      80
      68
      86
      87
      78
     105
     109
      93
      87
     106
     115
     107
      98
     106
     118
     122
     118
     119
     122
     101
      92
     108
     105
     106
     106
     122
     115
      86
     101
      94
      87
      90
      84
      85
      72
      73
      87
      76
      67
      72
      56
      60
      57
      64
      46
      62
      48
      46
      48
      38
      36
      37
      25
      28
      39
      33
      23
      35
      25
      28
      30
      25
      33
      25
      33
      28
      30
      18
      40
      29
      31
      29
      28
      17
      25
      24
      24
      22
      26
      22
      22
      23
      14
      25
      20
      22
      23
      26
      20
      31
      13
      25
      22
      23
      16
      25
      26
      21
      32
      18
      30
      20
      21
      34
      27
      18
      36
      22
      20
      27
      18
      21
      32
      21
      20
      18
      25
      30
      24
      23
      18
      21
      23
      22
      27
      24
      21
      21
      29
      30
      26
      19
      16
      21
      20
      22
      32
      16
      16
      35
      22
      25
      16
      35
      22
      24
      25
      22
      18
      21
      20
      25
      23
      23
      20
      18
      19
      23
      28
      17
      17
      14
      18
      20
      27
      25
      19
      20
      25
      23
      28
      19
      25
      27
      26
      20
      18
      18
      12
      18
      23
      21
      14
      21
      21
      17
      29
      16
      20
      25
      21
      23
      25
      21
      29
      16
      26
      21
      15
      15
      18
      32
      22
      24
      33
      19
      28
      22
      24
      28
      22
      31
      24
      27
      23
      16
      25
      22
      16
      25
      26
      24
      24
      21
      12
      20
      17
      24
      27
      27
      19
      22
      26
      21
      27
      16
      18
      17
      26
      19
      25
      19
      18
      21
      20
      27
      24
      21
      17
      23
      17
      23
      30
      23
      23
      25
      16
      20
      18
      25
      22
      25
      16
      23
      19
      19
      22
      26
      27
      12
      19
      22
      19
      31
      14
      25
      30
      20
      17
      23
      16
      20
      24
      19
      20
      16
      22
      18
      18
      18
      17
      16
      16
      21
      20
      23
      23
      15
      30
      24
      26
      21
      22
      26
      24
      17
      18
      19
      21
      23
      28
      14
      20
      17
      19
      21
      11
      30
      21
      17
      17
      18
      17
      22
      18
      20
      16
      24
      15
      16
      18
      21
      15
      16
      23
      21
      21
      19
      13
      22
      26
      18
      17
      15
      21
       8
      23
      19
      31
      13
      16
      29
      14
      17
      15
      15
      18
      27
      26
      22
      21
      27
      18
      20
      21
      24
      17
      28
      20
      20
      27
      23
      18
      22
      15
      24
      23
      22
      13
      14
      26
      14
      18
      22
      23
      39
      27
      26
      14
      26
      20
      29
      18
      20
      18
      16
      18
      21
      20
      26
      19
      24
      23
      18
      19
      13
      34
      16
      14
      28
      20
      16
      23
      23
      25
      14
      18
      22
      25
      26
      22
      20
      21
      30
      17
      18
      19
      21
      19
      23
      32
      20
      28
      33
      25
      24
      32
      19
      20
      27
      28
      20
      29
      28
      31
      30
      20
      27
      30
      22
      26
      23
      27
      25
      33
      34
      33
      38
      23
      56
      30
      41
      36
      29
      33
      31
      30
      27
      39
      33
      35
      21
      40
      34
      37
      35
      43
      39
      37
      33
      32
      43
      35
      37
      32
      30
      39
      44
      38
      41
      42
      38
      31
      20
      40
      25
      33
      26
      31
      32
      24
      37
      36
      36
      22
      31
      31
      31
      30
      27
      29
      17
      25
      28
      30
      21
      24
      30
      27
      18
      28
      31
      28
      23
      17
      24
      20
      17
      27
      24
      15
      25
      24
      15
      26
      22
      12
      19
      14
      28
      16
      19
      16
      14
      19
      21
      24
      19
      17
      21
      20
      14
      19
      18
      22
      19
      18
      23
      17
      21
       7
      18
      14
      14
      19
      18
      28
      13
      20
      13
      20
      17
      15
      16
      13
      23
      19
      24
      19
      15
      18
      15
      16
      16
      11
      16
      16
      13
      21
      24
      15
      10
      17
      15
      14
      11
      15
      14
      13
      10
      10
      15
      18
      13
      18
      15
       9
      12
      13
      16
      16
      15
      11
      14
      10
      21
      18
      10
      14
      24
      15
      16
      15
      14
      15
      16
      12
      15
      22
      17
      14
      19
      24
      18
      11
      22
      20
      16
      15
      18
      16
      16
      16
      19
      30
      19
      18
      15
      13
      20
      22
      25
      14
      19
      18
      21
      21
      16
      19
      19
      16
      14
      14
      13
      14
       8
      22
       8
      15
      15
      24
      14
       8
      17
      15
      13
      18
      14
      17
      20
       9
      15
      13
      17
      22
      19
      17
      22
      14
      13
      15
      14
      15
      16
      18
      14
      12
      16
      15
      18
      16
      16
      21
      15
      21
      21
      22
      16
      20
      15
      16
      23
      18
      18
      15
      18
      32
      21
      19
      22
      18
      10
      19
      12
      17
      19
      12
      21
      15
      22
      21
       9
      18
      18
      13
      18
      29
      20
      17
      29
      26
      33
      33
      26
      24
      25
      33
      28
      20
      29
      24
      30
      38
      25
      33
      32
      38
      31
      35
      37
      36
      39
      38
      33
      56
      46
      47
      39
      44
      51
      50
      39
      53
      53
      43
      48
      59
      46
      63
      52
      51
      54
      51
      48
      76
      55
      55
      52
      60
      63
      56
      51
      64
      69
      59
      77
      55
      48
      65
      63
      51
      58
      71
      52
      50
      67
      60
      52
      53
      52
      59
      61
      57
      53
      43
      50
      42
      47
      39
      36
      44
      36
      39
      40
      53
      46
      37
      36
      37
      27
      22
      25
      42
      21
      21
      22
      27
      28
      25
      21
      18
      24
      15
      21
      15
      19
      22
      13
      11
      14
      15
      16
      14
      10
       9
      13
       9
       8
      10
      12
      12
      10
      10
      16
       7
      11
       5
       8
      10
       9
       5
       6
       6
      11
      12
       8
      13
       5
      11
       9
      11
      10
      10
       2
       5
       6
       3
       5
       5
       6
       9
       9
       4
      12
       8
       6
       1
       7
       6
       8
       3
       3
      11
       4
       4
       8
       7
       7
       4
       7
       9
      12
       7
       6
       9
       4
      11
       2
       6
       6
       5
       8
      10
      12
       8
       7
       5
      12
       6
       5
       7
      12
       5
       6
       6
       7
      17
      14
      11
       7
      10
       9
      12
      14
      15
      14
      13
      15
      13
      18
      15
      13
      16
      14
      16
      16
      22
      18
      22
      24
      13
      20
      19
      30
      25
      24
      37
      26
      20
      29
      25
      28
      35
      34
      36
      31
      52
      36
      27
      45
      36
      30
      51
      37
      35
      46
      37
      35
      45
      39
      53
      46
      47
      51
      52
      54
      55
      64
      60
      70
      53
      58
      54
      57
      58
      51
      68
      60
      72
      65
      63
      62
      64
      87
      67
      67
      68
      65
      58
      70
      65
      49
      63
      51
      60
      57
      57
      59
      55
      52
      56
      53
      59
      60
      57
      51
      52
      43
      55
      45
      30
      53
      45
      29
      46
      52
      40
      39
      46
      31
      25
      28
      29
      29
      34
      27
      27
      27
      28
      20
      25
      16
      25
      25
      29
      14
      19
      20
      12
      13
      15
      13
      17
      16
       6
      10
      16
       4
      11
      12
      15
       9
      12
      10
       8
      11
       5
       7
       9
       8
       7
      13
       5
       5
       7
       7
       7
       5
      10
       3
       3
       0
       5
       7
       4
       4
       5
       9
       5
       2
       8
       4
       4
       8
       6
       3
       4
       2
       6
       7
       8
       3
       3
       5
       3
       3
       4
       5
       2
       2
       6
       4
       3
       2
       5
       2
       4
       2
       4
       4
       2
       7
       4
       5
       7
       3
       3
       2
       3
       2
       6
       5
       8
       2
       0
       3
       1
       5
       3
       7
       6
       7
       7
       2
       3
       3
       3
       6
       3
       4
       5
       3
       3
       9
       8
       5
       1
       6
       6
       5
       3
       4
       5
       3
       8
       8
       6
       9
       7
       4
       1
       6
      11
       7
       5
       4
       7
       3
       6
       4
       8
       9
       4
       3
       5
       6
      10
       4
       9
      12
       6
       5
       8
       3
      13
       8
      12
       6
      14
       8
       8
       7
       8
       9
       7
       9
       7
       8
       7
      15
       6
       9
      12
       8
       7
       7
       8
       6
      13
      14
       9
       9
      13
       6
       5
      10
       5
      10
       8
      12
       9
      13
      13
       9
       8
      12
      11
      11
       9
      11
       9
      14
       6
      10
      12
       6
       7
      10
       7
       4
      11
       4
      11
      10
      11
      12
       8
       7
       9
       7
      16
       9
       9
       2
      16
       5
       7
       6
       5
       6
       3
       3
      10
       2
      10
      11
       5
       5
       9
       5
       5
       4
       4
       1
       2
       1
       3
       6
       3
       2
       2
       6
       3
       2
       4
       4
       2
       3
       3
       4
       3
       2
       4
       2
       5
       0
       4
       0
       5
       8
       2
       4
       6
       3
       1
       0
       5
       4
       4
       4
       5
       2
       7
       2
       4
       2
       3
       4
       2
       4
       0
       5
       0
       2
       3
       5
       3
       4
       2
       2
       1
       3
       3
       3
       2
       4
       2
       4
       4
       3
       4
       5
       3
       4
       5
       2
       4
       3
       3
       2
       3
       1
       3
       4
       2
       4
       1
       1
       1
       3
       2
       4
       5
       3
       2
       3
       2
       2
       2
       6
       2
       4
       2
       2
       4
       3
       2
       2
       3
       4
       5
       7
       3
       1
       2
       1
       3
       3
       2
       6
       4
       3
       2
       1
       4
       2
       2
       1
       1
       4
       0
       2
       3
       3
       1
       3
       1
       4
       0
       2
       4
       3
       1
       2
       1
       3
       4
       1
       4
       4
       3
       2
       2
       2
       4
       3
       4
       3
       3
       1
       1
       3
       2
       1
       5
       0
       4
       3
       2
       7
       2
       3
       1
       7
       1
       5
       3
       0
       2
       6
       5
       1
       1
       5
       3
       4
       5
       5
       4
       7
       7
       3
       3
       4
       5
       2
       5
       5
       5
       2
       3
       2
       4
       2
       3
       5
       3
       3
       5
       5
       5
       2
       3
       7
       2
       2
       2
       6
       2
       5
       6
       7
       7
       4
       1
       1
       4
       3
       2
       0
       0
       0
       0
       0
       0
       0
       0
       0
       0
       0
       0
       0
       0
       0
       0
       0
       0
       0
       0
       0
       0
       0
       0
       0
       0
       0
       0
       0
       0
       0
       0
$ROI:
4
443 551
897 1008
1202 1351
1416 1596
$PRESETS:
Live Time
60
0
$ENER_FIT:
-50.318306 0.895274
$MCA_CAL:
3
-5.031831E+001 8.952744E-001 0.000000E+000 keV
$SHAPE_CAL:
3
5.945939E+000 4.580278E-002 0.000000E+000
