$SPEC_ID:
No sample description was entered.
$SPEC_REM:
DET# 1
DETDESC# W8481118 Model 928 SN 14338160
AP# Maestro Version 7.01
$DATE_MEA:
03/30/2023 16:04:19
$MEAS_TIM:
60 60
$DATA:
0 2047
       0
       0
       0
       0
       0
       0
       0
       0
       0
       0
       0
       0
       0
       0
       0
      28
      24
      34
      26
      26
      26
      32
      24
      28
      29
      32
      37
      44
      37
      33
      36
      52
      56
      28
      57
      48
      47
      52
      33
      44
      36
      45
      47
      50
      32
      34
      37
      37
      47
      31
      39
      29
      40
      34
      43
      26
      33
      43
      45
      42
      44
      47
      58
      44
      53
      48
      45
      57
      58
      51
      44
      49
      45
      45
      54
      69
      61
      65
      62
      64
      54
      63
      81
      65
      74
      68
      84
      67
      64
      65
      85
      78
      82
      72
      85
      90
      86
      80
      88
      74
      75
      93
      76
      89
      75
      87
      78
      80
      92
      95
      79
     110
      82
      93
      83
     101
      90
      79
      82
      78
      85
      87
      72
      82
      68
      71
      78
      91
      93
      73
     101
      83
     103
      93
      70
     103
      94
      84
      80
      88
      88
      93
      83
      92
      94
      83
      74
      69
      87
      69
      91
      74
      93
      84
      94
      79
      57
      81
      73
      68
      81
      72
      97
      97
      80
      98
     100
      70
      87
      83
      79
      83
      86
      99
      91
      95
      93
     104
     100
      91
      98
      82
      74
      93
      89
      90
      99
      68
      77
      71
      86
      67
      84
      70
      73
      69
      66
      58
      58
      63
      73
      72
      73
      70
      65
      79
      65
      69
      54
      63
      50
      60
      68
      56
      69
      56
      65
      51
      77
      59
      52
      73
      60
      71
      57
      58
      55
      58
      51
      63
      78
      48
      59
      70
      60
      57
      52
      70
      59
      62
      59
      44
      59
      60
      54
      54
      60
      75
      56
      51
      50
      69
      56
      61
      63
      54
      56
      61
      49
      54
      35
      73
      69
      55
      65
      56
      60
      50
      55
      47
      67
      66
      55
      50
      59
      54
      58
      50
      59
      70
      45
      57
      57
      66
      56
      66
      61
      61
      49
      57
      58
      47
      62
      60
      55
      60
      52
      58
      49
      59
      48
      52
      55
      53
      43
      50
      39
      39
      51
      43
      59
      65
      44
      49
      43
      50
      41
      47
      51
      50
      51
      43
      43
      42
      36
      43
      41
      41
      42
      39
      60
      35
      33
      35
      37
      43
      41
      42
      35
      47
      40
      32
      36
      23
      47
      38
      38
      46
      37
      40
      35
      37
      43
      40
      40
      34
      29
      30
      42
      34
      41
      32
      39
      43
      33
      49
      37
      33
      36
      31
      46
      29
      45
      40
      36
      42
      35
      36
      43
      34
      27
      35
      33
      24
      31
      32
      25
      23
      24
      27
      44
      31
      32
      17
      25
      24
      23
      26
      42
      30
      28
      27
      35
      35
      31
      36
      34
      34
      37
      43
      29
      46
      34
      43
      24
      40
      35
      31
      36
      35
      38
      32
      36
      35
      33
      36
      31
      32
      31
      34
      41
      33
      31
      25
      31
      30
      31
      28
      25
      30
      29
      31
      27
      25
      22
      38
      32
      30
      25
      25
      28
      26
      25
      25
      30
      25
      26
      16
      26
      30
      35
      33
      27
      38
      26
      36
      29
      29
      28
      32
      34
      37
      39
      35
      37
      45
      49
      61
      46
      46
      63
      57
      67
      71
      79
      73
      57
      66
      66
      76
      64
      78
      82
      79
      82
      93
      96
      95
      90
      94
     114
      92
      97
     110
     103
      97
      87
     116
     122
     112
     117
      91
      86
      79
      78
      88
      87
      87
      75
      77
      74
      66
      66
      69
      41
      75
      57
      52
      49
      68
      37
      48
      35
      36
      39
      30
      38
      27
      31
      22
      24
      35
      31
      25
      23
      29
      24
      24
      24
      30
      28
      17
      18
      16
      23
      25
      16
      25
      20
      21
      19
      19
      27
      20
      21
      35
      18
      17
      19
      25
      17
      27
      22
      27
      17
      31
      22
      29
      11
      21
      28
      22
      30
      20
      20
      22
      15
      19
      20
      10
      18
      21
      24
      17
      18
      17
      22
      11
      14
       9
      19
      19
      19
      23
      19
      19
      18
      17
      26
      12
      24
      22
      19
      20
      22
      22
      22
      18
      22
      20
      22
      27
      24
      20
      23
      22
      22
      26
      22
      17
      19
      18
      19
      17
      19
      19
      16
      13
      12
      20
      22
      14
       9
      21
      27
      19
      19
      19
      21
      20
      25
      16
      23
      20
      11
      21
      15
      18
       9
      17
      21
      18
      21
      20
      17
      13
      13
      20
      25
      17
      20
      23
      20
      17
      15
      15
      29
      18
       9
      18
      17
      17
      17
      15
      17
      15
      20
      20
      22
      19
      16
      21
      21
      18
      20
      25
      22
      19
      27
      15
      14
      23
      17
      21
      22
      15
      22
      23
      21
      18
      29
      13
      20
      18
      20
      17
      26
      26
      14
      15
      13
      18
      20
      20
      13
      19
      10
      21
      20
      24
      18
      27
      25
      17
      21
      18
      17
      15
      26
      23
      16
      23
      13
      17
      18
      17
      15
      15
      22
      21
      21
      19
      12
      15
      22
      21
      15
      26
       9
      10
      15
      20
      17
       8
      14
      21
      20
      15
      17
      23
      17
      20
      11
      18
      14
      12
      21
      11
      19
      17
      20
      12
      22
      21
      20
      20
      10
      24
      24
      21
      20
      18
      19
      16
      22
      14
      18
      28
      17
      19
      18
      20
      14
      14
      15
      18
      16
      19
      21
      12
      20
      17
      18
      13
      15
      14
      19
      14
      20
      16
      18
      18
      14
      20
      17
      17
      19
      14
      15
      24
      21
      15
      22
      21
      21
      19
      19
      18
      18
      12
      17
      14
      18
      13
      21
      16
      21
      17
      12
      21
      11
      22
      14
      16
      22
      18
      14
      18
      16
      24
      20
      15
      18
      14
      16
       9
      18
      24
      23
      15
      22
      14
      29
      12
      17
      15
      15
      18
      14
      14
      22
      17
      12
      25
      13
      15
      15
      17
      16
      27
      14
      13
      15
      18
      22
      15
      22
      18
      20
      21
      14
      17
      19
      10
      22
      16
      14
      18
      20
      16
      26
      13
      21
      13
      12
      21
      21
      27
      24
      23
      16
      19
      23
      20
      26
      35
      26
      23
      29
      24
      25
      22
      20
      25
      35
      23
      17
      19
      30
      19
      23
      25
      27
      37
      30
      18
      22
      26
      18
      37
      24
      23
      27
      29
      34
      30
      46
      29
      27
      35
      44
      31
      30
      39
      28
      35
      29
      40
      31
      27
      33
      29
      26
      33
      23
      30
      32
      31
      28
      33
      27
      30
      19
      29
      24
      26
      31
      18
      23
      30
      29
      25
      21
      22
      25
      19
      25
      40
      23
      20
      19
      23
      18
      25
      18
      26
      20
      21
      22
      11
      17
      21
      17
      20
      23
      18
      20
      15
      26
      17
      21
      21
      16
      16
      15
      19
      19
      16
      15
      11
      11
      17
      20
      13
      14
      25
       9
      23
      17
       7
      18
      13
      14
      12
      18
      15
      18
      18
      19
      22
      16
      12
      17
       5
      10
      10
      19
      12
       8
      13
      11
      18
      22
      14
      17
      14
      14
      13
       8
      12
      13
      13
      13
      16
      16
      12
      13
      14
      11
      12
      21
      15
      11
      11
      12
      10
      14
      16
      14
      14
      18
      11
      16
      13
      13
      16
      12
      16
       9
      19
      12
      20
       7
       9
      13
      13
      14
      14
       9
      16
      15
      22
      12
      18
      16
      14
      11
      15
      14
      13
      12
       8
      11
      15
      12
      14
      14
      15
      13
      15
      14
      11
      12
      12
      12
      13
      19
      11
       5
      16
      13
      12
      10
      20
       9
      10
      15
      13
      20
      18
      15
      18
      14
      13
      12
      17
       6
      12
      14
      15
      16
       8
      12
      12
      14
      10
      12
      18
      10
      17
      17
      17
      11
      21
      15
      20
      12
      15
       7
      12
      15
      13
      12
      13
      14
      21
      13
      16
      12
      17
      10
      14
      10
      11
      15
       9
      13
      17
      16
      19
      21
      15
      18
      23
      15
      12
      12
      16
      20
      18
      21
      17
      15
      16
      15
      21
      11
      18
      18
      16
      18
      18
      22
      14
      17
      21
      28
      20
      27
      18
      29
      29
      21
      19
      27
      21
      23
      19
      21
      23
      23
      26
      25
      41
      27
      35
      29
      38
      40
      35
      36
      32
      34
      45
      51
      33
      48
      38
      44
      42
      42
      41
      36
      42
      45
      47
      59
      58
      57
      51
      53
      59
      36
      50
      61
      38
      49
      50
      57
      54
      53
      55
      52
      41
      32
      51
      53
      53
      46
      50
      62
      52
      44
      54
      48
      42
      36
      50
      44
      42
      46
      40
      52
      49
      36
      31
      31
      33
      43
      32
      33
      32
      31
      33
      33
      31
      30
      26
      21
      28
      29
      21
      25
      23
      23
      24
      26
      11
      18
      16
      10
      22
      18
      14
      15
      15
       6
      13
      17
      10
       5
       7
      10
      11
       7
      10
       8
       8
       6
      10
       5
       6
       4
       5
       8
       4
       5
       5
       5
       6
       8
       9
       7
       3
       3
       8
       5
       8
       5
       5
       5
       4
       4
       7
       6
       4
       8
       3
       3
       8
       5
       3
       2
       6
       3
       4
       8
       7
       7
       5
       6
       8
       4
       1
       3
       3
       5
       6
       8
       5
       1
       3
       4
       2
       4
       8
       5
       5
       5
       5
       8
       5
      12
       3
      11
       7
       5
       5
       6
       9
       8
       4
       8
      10
       2
       8
      14
       9
      15
       8
       7
      11
      12
      17
      12
      20
      15
       7
      16
      16
      13
      21
      18
      19
      14
      15
      13
      15
      19
      20
      21
      20
      26
      19
      17
      18
      30
      25
      23
      25
      29
      24
      34
      20
      29
      21
      31
      41
      33
      28
      23
      35
      39
      38
      32
      40
      45
      41
      45
      43
      43
      51
      55
      30
      38
      58
      49
      39
      45
      61
      38
      44
      57
      48
      61
      40
      68
      48
      45
      62
      50
      46
      60
      51
      51
      44
      59
      57
      66
      52
      45
      46
      54
      43
      51
      54
      48
      45
      42
      47
      43
      44
      52
      43
      43
      45
      53
      35
      38
      40
      45
      43
      28
      22
      40
      30
      34
      31
      21
      24
      25
      28
      21
      27
      24
      15
      18
      21
      22
      21
      16
      13
      14
      15
      23
      12
       9
      13
      20
       9
      19
      10
      13
      13
      15
      15
       7
       6
       8
      10
       6
       7
       3
      11
       5
       5
      12
       3
       6
       5
       4
      10
       5
       3
       6
       4
       4
       5
       1
       3
       8
       4
       4
       7
       1
       5
       6
       4
       1
       0
       5
       5
       3
       2
       4
       2
       4
       2
       3
       3
       3
       1
       4
       3
       4
       1
       1
       5
       1
       6
       2
       4
       3
       6
       3
       6
       5
       3
       2
       4
       4
       4
       3
       6
       4
       2
      11
       6
       6
       5
       0
       4
       2
       2
       1
       1
       3
       3
       6
       5
       3
       5
       3
       3
       3
       4
       7
       2
       4
       5
       3
       8
       2
       3
       3
       7
       5
       3
       1
       6
       2
       6
       4
       4
       7
       7
      11
       8
       6
       4
       7
       5
       2
       7
       9
       6
       6
       3
       5
       9
       8
       6
       9
       6
       8
       3
       6
       6
       9
      10
       8
       5
       6
       5
       6
       7
      13
       7
      12
       5
      12
      10
       6
       8
       9
      10
       4
       5
       4
      12
       5
       6
       8
       6
       7
       6
      10
       5
       9
       9
      17
       8
       9
       5
       7
      13
      10
      13
       8
       9
       7
       5
       5
       4
       7
       6
       8
      14
       9
      10
       8
       6
       8
       7
      11
       6
       8
       7
       8
       4
      10
       9
       5
       7
       2
       4
      10
       7
       4
       4
       5
       9
       4
       7
       6
       6
       6
      10
       7
       7
       4
       8
       9
       7
       4
       6
       7
       6
       7
       8
       7
       4
       7
       4
       4
       7
       2
       1
       1
       4
       8
       5
       5
       5
       2
       5
       5
       4
       1
       6
       6
       5
       2
       7
       4
       2
       6
       2
       3
       1
       3
       4
       6
       1
       2
       4
       1
       2
       4
       1
       1
       2
       2
       2
       1
       4
       1
       1
       1
       4
       5
       5
       2
       2
       7
       2
       5
       3
       3
       3
       2
       3
       0
       2
       5
       4
       5
       2
       3
       1
       2
       0
       3
       4
       3
       2
       5
       2
       2
       0
       4
       4
       1
       3
       4
       5
       0
       2
       1
       1
       3
       2
       4
       3
       3
       6
       4
       4
       2
       3
       2
       3
       3
       2
       2
       4
       1
       2
       5
       2
       0
       1
       6
       2
       3
       4
       2
       0
       1
       3
       3
       2
       6
       4
       3
       1
       4
       1
       4
       6
       3
       3
       4
       1
       1
       3
       4
       2
       2
       2
       3
       0
       3
       4
       2
       1
       1
       1
       4
       3
       2
       1
       5
       4
       5
       2
       1
       4
       3
       4
       2
       0
       1
       2
       2
       4
       3
       3
       4
       2
       2
       3
       2
       2
       0
       2
       1
       4
       2
       2
       2
       2
       6
       5
       4
       5
       1
       2
       3
       4
       2
       2
       2
       4
       2
       8
       4
       1
       0
       1
       6
       4
       0
       1
       1
       4
       5
       3
       1
       2
       2
       5
       4
       4
       2
       5
       3
       2
       3
       2
       1
       4
       9
       2
       6
       4
       0
       0
       0
       0
       0
       0
       0
       0
       0
       0
       0
       0
       0
       0
       0
       0
       0
       0
       0
       0
       0
       0
       0
       0
       0
       0
       0
       0
       0
       0
       0
       0
$ROI:
4
443 551
897 1008
1202 1351
1416 1596
$PRESETS:
Live Time
60
0
$ENER_FIT:
-50.318306 0.895274
$MCA_CAL:
3
-5.031831E+001 8.952744E-001 0.000000E+000 keV
$SHAPE_CAL:
3
5.945939E+000 4.580278E-002 0.000000E+000
