$SPEC_ID:
No sample description was entered.
$SPEC_REM:
DET# 1
DETDESC# W8481118 Model 928 SN 14338160
AP# Maestro Version 7.01
$DATE_MEA:
04/20/2023 16:10:43
$MEAS_TIM:
60 64
$DATA:
0 2047
       0
       0
       0
       0
       0
       0
       0
       0
       0
       0
       0
       0
       0
       0
       0
     107
     358
     281
     288
     278
     294
     276
     277
     331
     315
     312
     322
     346
     341
     349
     373
     355
     431
     443
     598
     710
     956
    1209
    1578
    2101
    2642
    3163
    3586
    3857
    3619
    3285
    2681
    2223
    1845
    1481
    1192
     944
     750
     663
     535
     468
     422
     376
     396
     348
     362
     329
     332
     370
     358
     377
     323
     339
     326
     351
     329
     333
     326
     330
     352
     365
     354
     346
     335
     336
     358
     348
     334
     340
     371
     366
     400
     369
     393
     395
     383
     410
     408
     351
     397
     396
     422
     419
     447
     463
     442
     457
     461
     421
     417
     422
     445
     387
     416
     386
     403
     371
     403
     379
     394
     412
     381
     378
     418
     367
     329
     383
     380
     385
     336
     337
     377
     391
     362
     357
     395
     330
     374
     330
     369
     383
     360
     376
     357
     347
     367
     407
     361
     370
     364
     380
     404
     386
     345
     343
     336
     390
     392
     381
     391
     338
     364
     369
     383
     368
     339
     383
     369
     396
     364
     388
     407
     392
     345
     386
     369
     380
     410
     335
     382
     394
     369
     399
     386
     378
     374
     370
     371
     398
     382
     366
     351
     377
     342
     386
     375
     399
     335
     378
     394
     414
     373
     397
     373
     383
     379
     399
     378
     408
     378
     413
     358
     386
     363
     378
     382
     395
     386
     415
     386
     413
     469
     447
     423
     436
     426
     389
     423
     470
     429
     409
     458
     509
     488
     540
     533
     507
     543
     576
     590
     584
     561
     571
     615
     596
     604
     612
     607
     668
     603
     609
     590
     642
     594
     582
     576
     611
     649
     613
     577
     513
     594
     606
     604
     601
     560
     582
     543
     511
     567
     585
     513
     539
     546
     545
     536
     519
     488
     531
     510
     518
     493
     465
     501
     486
     488
     524
     468
     483
     462
     495
     481
     504
     465
     487
     473
     438
     465
     517
     464
     464
     454
     477
     451
     460
     429
     456
     432
     433
     468
     431
     439
     443
     429
     429
     427
     430
     426
     427
     407
     407
     418
     400
     396
     424
     422
     379
     399
     406
     401
     407
     416
     417
     370
     366
     437
     390
     414
     380
     401
     396
     378
     405
     410
     381
     385
     417
     344
     392
     401
     395
     377
     346
     375
     401
     393
     383
     350
     368
     395
     386
     370
     381
     381
     396
     340
     381
     381
     363
     332
     365
     384
     356
     342
     350
     345
     336
     349
     353
     331
     350
     342
     325
     378
     367
     365
     351
     350
     330
     352
     352
     342
     378
     360
     389
     373
     345
     348
     356
     347
     340
     359
     363
     352
     346
     323
     339
     348
     343
     316
     357
     312
     328
     342
     330
     331
     335
     389
     313
     344
     308
     332
     366
     360
     305
     369
     314
     317
     293
     329
     330
     317
     351
     307
     330
     349
     297
     321
     340
     355
     320
     348
     309
     315
     325
     297
     325
     314
     341
     342
     329
     370
     315
     332
     330
     309
     308
     355
     313
     329
     287
     341
     284
     316
     307
     339
     299
     300
     302
     317
     339
     311
     324
     287
     335
     326
     318
     306
     313
     323
     311
     316
     339
     312
     336
     304
     339
     336
     326
     374
     288
     326
     308
     307
     303
     348
     319
     312
     315
     347
     315
     345
     345
     332
     355
     345
     314
     330
     303
     325
     331
     317
     345
     337
     342
     340
     299
     315
     329
     334
     339
     340
     338
     371
     329
     367
     316
     369
     365
     348
     357
     376
     356
     363
     324
     371
     365
     343
     355
     317
     320
     366
     354
     347
     337
     330
     340
     331
     307
     331
     326
     334
     315
     348
     317
     342
     314
     294
     316
     288
     293
     324
     317
     308
     280
     286
     254
     295
     267
     274
     261
     266
     278
     265
     233
     254
     251
     234
     253
     250
     224
     226
     209
     238
     200
     200
     195
     230
     204
     195
     189
     201
     168
     185
     183
     151
     170
     156
     168
     164
     171
     154
     141
     146
     134
     129
     149
     150
     145
     158
     144
     148
     135
     142
     148
     145
     144
     143
     120
     121
     126
     117
     116
     141
     148
     139
     114
     125
     114
     106
     116
     137
     126
     105
     119
     103
     119
     135
     108
     110
     114
     131
     121
     103
      91
     106
     105
     106
      93
     117
     116
     103
     102
     101
     104
     111
     111
     100
      90
     102
      85
      89
     102
      91
      85
      88
      88
     106
      81
     123
      74
      98
      96
     103
      99
      92
      94
     101
      85
      92
      97
      95
      87
      94
     109
      95
     106
     115
     100
      87
      94
     104
      99
      90
      90
      92
     102
      85
     104
     101
     114
      98
     107
      82
     107
     104
      92
      97
      87
      93
     100
      94
      85
     116
      98
      96
     100
     103
     101
      88
     106
      94
     124
     121
     110
     130
      86
      97
     148
     111
     109
     125
     131
     125
     111
     136
     131
     137
     152
     165
     158
     192
     195
     209
     209
     211
     236
     229
     219
     255
     269
     302
     309
     348
     386
     395
     386
     470
     525
     497
     538
     557
     607
     673
     649
     721
     772
     859
     870
     957
     993
    1084
    1112
    1156
    1292
    1302
    1313
    1379
    1509
    1570
    1559
    1669
    1756
    1806
    1891
    1918
    2039
    2094
    2168
    2308
    2332
    2254
    2301
    2495
    2453
    2506
    2710
    2639
    2702
    2697
    2735
    2710
    2775
    2777
    2739
    2724
    2819
    2741
    2641
    2703
    2737
    2643
    2660
    2578
    2587
    2567
    2442
    2460
    2314
    2308
    2201
    2080
    2040
    2017
    1897
    1745
    1794
    1669
    1639
    1509
    1441
    1386
    1304
    1277
    1182
    1163
     955
    1019
    1015
     849
     826
     753
     688
     654
     569
     554
     475
     448
     410
     431
     348
     325
     296
     275
     262
     238
     222
     206
     183
     178
     187
     145
     138
     149
     114
     117
     102
      82
      96
      94
      81
      65
      75
      70
      69
      59
      61
      67
      69
      66
      64
      62
      68
      54
      60
      60
      43
      51
      50
      58
      74
      57
      47
      44
      47
      52
      41
      54
      61
      66
      52
      48
      66
      48
      37
      58
      46
      54
      59
      64
      45
      49
      69
      66
      54
      56
      63
      43
      52
      50
      58
      66
      53
      52
      51
      55
      49
      59
      40
      45
      59
      62
      50
      46
      48
      54
      50
      47
      49
      62
      42
      42
      40
      67
      51
      48
      61
      47
      58
      44
      51
      50
      48
      51
      52
      60
      57
      57
      56
      49
      57
      58
      51
      50
      65
      54
      45
      45
      59
      48
      64
      54
      50
      58
      60
      51
      40
      52
      46
      58
      53
      61
      66
      52
      55
      63
      57
      53
      51
      58
      50
      54
      56
      59
      59
      56
      61
      58
      41
      54
      58
      40
      41
      59
      52
      52
      47
      52
      53
      58
      53
      59
      52
      60
      55
      54
      57
      66
      50
      48
      50
      51
      55
      61
      67
      55
      49
      65
      73
      54
      58
      58
      62
      67
      65
      60
      59
      71
      53
      72
      68
      53
      56
      65
      62
      63
      55
      65
      53
      51
      60
      61
      54
      55
      45
      59
      51
      63
      49
      44
      67
      46
      57
      59
      56
      50
      64
      67
      56
      56
      69
      58
      64
      65
      67
      54
      62
      50
      57
      68
      51
      39
      64
      70
      51
      61
      55
      54
      67
      67
      67
      46
      49
      51
      57
      50
      53
      60
      52
      44
      54
      65
      55
      52
      60
      56
      64
      56
      51
      63
      48
      55
      53
      50
      43
      54
      60
      48
      62
      40
      63
      50
      38
      50
      70
      54
      51
      41
      53
      42
      46
      42
      45
      55
      54
      52
      46
      58
      59
      43
      36
      50
      39
      49
      46
      45
      55
      44
      41
      41
      48
      38
      30
      42
      46
      35
      40
      40
      29
      37
      45
      48
      35
      41
      47
      41
      38
      42
      44
      49
      34
      41
      48
      36
      35
      36
      46
      37
      35
      33
      29
      36
      50
      37
      36
      40
      33
      47
      40
      30
      47
      38
      32
      28
      38
      25
      32
      44
      33
      37
      47
      33
      46
      41
      44
      44
      36
      35
      52
      22
      33
      38
      25
      34
      42
      36
      40
      37
      37
      38
      36
      34
      35
      43
      36
      35
      41
      40
      34
      38
      41
      33
      39
      43
      38
      43
      30
      33
      31
      42
      39
      42
      32
      42
      46
      38
      37
      42
      32
      38
      30
      45
      40
      30
      36
      40
      29
      33
      37
      41
      30
      41
      34
      27
      33
      44
      36
      32
      44
      35
      44
      29
      31
      35
      37
      36
      31
      33
      42
      25
      32
      27
      29
      35
      36
      29
      35
      29
      37
      34
      32
      31
      22
      35
      27
      26
      36
      28
      38
      21
      46
      33
      30
      33
      25
      44
      40
      29
      22
      30
      34
      26
      33
      32
      32
      26
      35
      26
      37
      37
      32
      23
      32
      47
      30
      45
      37
      46
      47
      55
      50
      56
      51
      46
      55
      50
      48
      44
      53
      53
      53
      64
      73
      76
      70
      76
      74
      73
      86
      64
      81
      90
      95
     111
      92
     101
     107
     103
     136
     123
     121
     111
     130
     113
     123
     126
     133
     117
     107
     146
     134
     149
     150
     170
     136
     147
     165
     172
     176
     185
     166
     155
     162
     182
     189
     166
     148
     147
     177
     189
     202
     180
     160
     175
     171
     171
     187
     182
     170
     193
     170
     177
     175
     169
     174
     126
     166
     162
     171
     170
     148
     159
     162
     142
     165
     133
     119
     134
     117
     126
     126
     123
      84
     109
      91
     101
      98
      98
      76
      94
      83
      76
      78
      89
      81
      64
      72
      76
      74
      63
      53
      53
      46
      49
      53
      50
      35
      32
      51
      45
      29
      47
      31
      33
      35
      29
      32
      30
      21
      19
      24
      21
      23
      18
      21
      23
      13
      31
      22
      20
      20
      14
      13
      16
      13
      10
      19
      13
      19
      13
      11
      15
      18
      15
      16
      21
      12
      20
      25
      13
      15
      22
      14
      22
      22
      21
      13
      23
      16
      26
      30
      22
      20
      23
      25
      24
      18
      35
      31
      33
      21
      42
      34
      36
      45
      37
      34
      38
      44
      42
      32
      54
      57
      63
      40
      45
      55
      62
      72
      64
      65
      77
      76
      81
      91
      69
      70
      73
      81
     102
      94
      92
      97
     106
      91
      97
     113
      95
     112
     112
     108
     120
     108
     129
     132
     127
     115
     152
     139
     128
     132
     127
     126
     129
     126
     150
     145
     132
     152
     149
     152
     138
     148
     177
     153
     167
     152
     144
     136
     163
     137
     139
     145
     140
     143
     155
     128
     144
     126
     118
     143
     136
     138
     134
     117
     135
     117
     127
     134
     110
      99
     117
     112
      98
      94
      92
     107
     102
      85
      80
      67
      67
      83
      83
      71
      89
      76
      75
      63
      70
      63
      49
      54
      64
      52
      50
      43
      47
      48
      47
      50
      32
      39
      38
      36
      39
      38
      31
      27
      27
      27
      30
      27
      17
      18
      16
      24
      24
      19
      23
      14
      12
      22
       9
      14
      12
      10
      10
       8
      13
      12
       7
      14
       3
      10
      11
       9
       4
       7
      11
      10
       7
       5
       9
       9
       5
       6
       7
       9
      11
       9
       8
       4
       4
       4
       3
       3
       6
       0
       4
       7
       4
       1
       8
       5
       3
       3
       3
       5
       7
       7
       7
       2
       4
       3
       5
       3
       4
       4
       6
       4
       7
       6
       7
       8
       3
       5
       7
       2
      11
       5
       4
       4
       3
       5
       1
       3
       5
       6
       4
       3
       2
       6
       2
       3
       3
       3
       3
       4
       5
       8
       4
       3
       4
       7
       1
       2
       5
       2
       8
       6
       2
       2
       6
       6
       4
       2
       2
       5
       9
       1
       5
       6
       2
       3
       1
       3
       0
       1
       4
       4
       1
       3
       2
       3
       9
       4
       3
       3
       3
       2
       0
       5
       5
       0
       5
       2
       4
       3
       3
       1
       1
       2
       0
       2
       3
       3
       3
       7
       2
       6
       2
       3
       1
       5
       1
       4
       2
       4
       3
       6
       4
       3
       3
       1
       9
       0
       4
       5
       2
       2
       0
       4
       0
       0
       0
       2
       0
       0
       1
       2
       3
       6
       4
       1
       1
       2
       3
       2
       5
       1
       0
       2
       1
       1
       0
       3
       2
       1
       2
       4
       1
       2
       3
       1
       1
       1
       2
       1
       2
       3
       3
       1
       3
       1
       5
       1
       1
       3
       2
       1
       3
       6
       3
       4
       1
       1
       4
       4
       3
       3
       1
       7
       5
       1
       4
       2
       1
       5
       3
       1
       4
       3
       3
       1
       4
       1
       1
       1
       3
       3
       1
       1
       3
       4
       2
       1
       1
       2
       4
       2
       3
       2
       1
       0
       2
       4
       3
       3
       5
       2
       1
       2
       4
       1
       2
       1
       1
       4
       0
       1
       5
       1
       5
       3
       2
       1
       1
       1
       2
       2
       1
       0
       2
       4
       4
       0
       2
       2
       5
       3
       2
       1
       2
       1
       1
       4
       1
       1
       2
       4
       3
       0
       2
       2
       3
       1
       1
       1
       2
       0
       2
       3
       1
       2
       0
       0
       2
       2
       0
       2
       1
       1
       0
       4
       2
       2
       3
       1
       3
       1
       0
       0
       4
       2
       1
       1
       2
       4
       3
       0
       0
       1
       2
       1
       3
       1
       0
       1
       4
       0
       1
       1
       2
       1
       2
       6
       2
       3
       4
       4
       0
       0
       0
       0
       0
       0
       0
       0
       0
       0
       0
       0
       0
       0
       0
       0
       0
       0
       0
       0
       0
       0
       0
       0
       0
       0
       0
       0
       0
       0
       0
       0
$ROI:
2
717 861
1457 1650
$PRESETS:
Live Time
60
0
$ENER_FIT:
-42.304211 0.890313
$MCA_CAL:
3
-4.230421E+001 8.903126E-001 0.000000E+000 keV
$SHAPE_CAL:
3
1.082589E+001 4.299253E-002 0.000000E+000
