$SPEC_ID:
No sample description was entered.
$SPEC_REM:
DET# 1
DETDESC# W8481118 Model 928 SN 14338160
AP# Maestro Version 7.01
$DATE_MEA:
04/20/2023 15:05:09
$MEAS_TIM:
60 64
$DATA:
0 2047
       0
       0
       0
       0
       0
       0
       0
       0
       0
       0
       0
       0
       0
       0
       0
     117
     406
     311
     309
     319
     311
     364
     318
     329
     347
     336
     335
     387
     361
     380
     440
     455
     504
     528
     719
     850
    1117
    1422
    1966
    2469
    3168
    3647
    3950
    4097
    3772
    3175
    2758
    2214
    1777
    1385
    1118
     981
     794
     666
     541
     466
     447
     389
     397
     414
     335
     353
     355
     397
     383
     414
     389
     378
     370
     359
     372
     351
     387
     417
     358
     347
     398
     410
     415
     404
     391
     391
     374
     442
     410
     378
     403
     423
     428
     425
     417
     422
     469
     457
     460
     493
     505
     504
     465
     499
     498
     521
     495
     482
     447
     435
     486
     454
     438
     438
     408
     483
     463
     432
     426
     399
     434
     407
     420
     427
     417
     405
     380
     428
     401
     400
     421
     414
     399
     399
     399
     386
     404
     415
     387
     371
     423
     382
     425
     412
     417
     428
     387
     425
     405
     409
     420
     395
     399
     402
     417
     386
     429
     422
     427
     413
     377
     415
     419
     408
     430
     409
     428
     433
     451
     421
     381
     429
     432
     436
     446
     410
     407
     443
     441
     413
     425
     353
     409
     375
     424
     413
     431
     402
     440
     406
     417
     461
     446
     424
     429
     455
     442
     432
     441
     442
     418
     391
     486
     430
     456
     412
     424
     421
     445
     413
     438
     430
     485
     452
     448
     462
     475
     488
     454
     481
     463
     491
     504
     485
     495
     528
     484
     494
     528
     552
     565
     572
     602
     594
     633
     614
     622
     647
     627
     606
     630
     663
     645
     615
     687
     664
     696
     659
     642
     663
     664
     692
     657
     674
     711
     624
     625
     608
     622
     631
     611
     637
     593
     589
     595
     597
     560
     623
     574
     605
     588
     585
     601
     588
     569
     562
     543
     597
     594
     527
     564
     549
     519
     528
     579
     532
     506
     545
     562
     520
     541
     527
     546
     463
     512
     529
     499
     509
     487
     506
     520
     477
     457
     528
     451
     456
     477
     461
     500
     537
     448
     423
     482
     492
     483
     456
     462
     449
     448
     479
     449
     448
     471
     417
     477
     428
     467
     430
     467
     436
     444
     419
     439
     472
     423
     430
     398
     442
     444
     438
     392
     437
     439
     424
     416
     427
     424
     388
     416
     401
     398
     410
     372
     411
     390
     389
     423
     459
     376
     387
     394
     431
     397
     401
     409
     420
     424
     411
     375
     410
     402
     387
     384
     397
     382
     401
     373
     401
     376
     401
     417
     429
     369
     347
     369
     402
     425
     405
     371
     384
     388
     375
     374
     415
     421
     397
     371
     373
     384
     344
     383
     348
     404
     386
     394
     344
     366
     373
     342
     364
     373
     397
     404
     353
     384
     352
     399
     369
     344
     362
     345
     373
     380
     420
     389
     369
     376
     357
     378
     353
     355
     388
     386
     363
     351
     362
     371
     341
     339
     388
     359
     409
     375
     340
     361
     353
     335
     377
     389
     389
     360
     355
     362
     374
     373
     370
     383
     331
     364
     358
     336
     393
     326
     350
     350
     379
     384
     339
     367
     387
     358
     369
     336
     356
     344
     349
     372
     305
     394
     345
     373
     360
     362
     382
     345
     372
     354
     358
     366
     353
     349
     357
     378
     379
     391
     398
     358
     360
     345
     378
     353
     358
     357
     370
     356
     395
     350
     352
     415
     381
     392
     381
     384
     364
     341
     362
     397
     352
     391
     372
     367
     368
     333
     408
     374
     361
     396
     396
     384
     393
     369
     398
     402
     377
     381
     397
     372
     402
     392
     364
     388
     353
     360
     387
     358
     392
     341
     356
     384
     344
     316
     344
     329
     331
     374
     335
     353
     332
     320
     314
     349
     310
     264
     291
     289
     312
     292
     272
     297
     265
     311
     271
     261
     293
     241
     234
     235
     258
     236
     229
     225
     218
     223
     225
     223
     246
     237
     222
     212
     209
     204
     226
     203
     194
     196
     247
     203
     217
     209
     205
     205
     223
     215
     208
     224
     185
     189
     226
     244
     208
     223
     230
     211
     227
     222
     227
     201
     230
     215
     214
     215
     203
     214
     224
     218
     200
     218
     208
     182
     221
     199
     179
     194
     197
     183
     173
     143
     174
     163
     164
     170
     176
     156
     154
     143
     157
     134
     132
     144
     115
     160
     110
     143
     136
     128
     132
     122
     102
     101
     111
     106
     105
     110
     125
      99
      99
     125
     103
     119
     107
     108
      99
     101
     102
     100
     124
     104
     104
     106
      98
     112
     105
      99
      88
     116
     123
      95
      88
      89
     105
     100
     121
      88
     105
      99
      99
     117
     114
     102
      96
     122
      96
     105
      98
     116
     111
     100
      99
     123
     106
     112
     109
     106
     115
     130
     141
     124
     132
     129
     145
     118
     152
     137
     140
     100
     144
     150
     145
     152
     181
     159
     170
     193
     198
     209
     210
     211
     224
     252
     236
     315
     295
     341
     344
     351
     379
     387
     439
     462
     461
     522
     596
     615
     641
     655
     732
     780
     780
     865
     876
    1006
    1038
    1121
    1186
    1304
    1385
    1380
    1486
    1439
    1573
    1675
    1728
    1844
    1887
    2010
    2088
    2062
    2202
    2295
    2318
    2435
    2543
    2567
    2630
    2697
    2769
    2778
    2797
    2913
    2842
    2947
    2951
    2951
    3001
    2987
    3013
    3058
    3070
    3016
    2975
    3020
    2865
    2866
    2854
    2700
    2725
    2788
    2601
    2509
    2462
    2417
    2358
    2250
    2145
    2197
    1940
    2001
    1942
    1786
    1728
    1665
    1628
    1504
    1409
    1266
    1249
    1139
    1119
    1084
     940
     925
     842
     813
     751
     633
     596
     595
     513
     533
     488
     437
     363
     334
     333
     271
     280
     270
     245
     229
     215
     195
     171
     153
     129
     142
     133
     121
     131
     105
      71
      88
      85
      92
      71
      88
      84
      70
      85
      78
      71
      75
      57
      65
      83
      57
      59
      58
      68
      65
      64
      49
      64
      69
      62
      59
      48
      54
      64
      73
      41
      66
      63
      58
      59
      57
      58
      54
      57
      64
      54
      52
      43
      68
      61
      66
      54
      56
      70
      65
      56
      65
      55
      48
      55
      54
      60
      40
      51
      59
      61
      51
      67
      59
      73
      66
      58
      59
      60
      60
      55
      42
      58
      63
      72
      51
      61
      46
      62
      66
      56
      66
      67
      66
      67
      51
      72
      52
      55
      59
      63
      43
      54
      64
      47
      72
      51
      53
      57
      57
      67
      61
      60
      56
      50
      49
      59
      63
      64
      53
      64
      54
      63
      43
      62
      68
      60
      64
      66
      50
      58
      57
      55
      77
      61
      60
      44
      70
      58
      66
      74
      49
      60
      58
      65
      56
      57
      58
      69
      58
      60
      81
      55
      63
      58
      63
      56
      64
      74
      67
      60
      69
      86
      57
      58
      75
      57
      73
      55
      70
      66
      68
      65
      65
      66
      64
      74
      75
      65
      56
      62
      70
      59
      56
      60
      70
      68
      54
      70
      65
      67
      72
      53
      58
      68
      59
      56
      80
      57
      67
      59
      73
      64
      76
      60
      81
      72
      57
      70
      68
      61
      60
      68
      61
      64
      69
      63
      65
      81
      75
      72
      53
      57
      71
      66
      78
      74
      69
      64
      70
      46
      68
      61
      70
      59
      69
      58
      50
      67
      52
      61
      66
      64
      70
      57
      62
      76
      60
      51
      60
      57
      48
      61
      59
      75
      67
      60
      48
      59
      48
      54
      52
      65
      60
      50
      59
      63
      55
      49
      62
      62
      42
      56
      60
      48
      55
      70
      58
      46
      50
      59
      55
      48
      60
      44
      48
      51
      41
      70
      65
      46
      48
      54
      52
      47
      50
      60
      52
      40
      49
      45
      49
      42
      56
      50
      51
      42
      42
      47
      39
      41
      45
      40
      60
      59
      46
      41
      45
      50
      24
      35
      47
      48
      54
      43
      39
      48
      46
      39
      34
      47
      36
      46
      54
      51
      40
      41
      49
      43
      45
      45
      23
      34
      44
      47
      54
      39
      41
      46
      48
      47
      40
      42
      38
      42
      50
      47
      44
      42
      42
      55
      49
      35
      40
      41
      41
      32
      50
      45
      36
      39
      36
      43
      47
      45
      38
      40
      50
      41
      31
      43
      46
      43
      33
      44
      38
      47
      31
      28
      38
      37
      37
      40
      33
      33
      33
      30
      47
      31
      39
      47
      32
      33
      40
      41
      38
      33
      32
      45
      34
      32
      36
      36
      43
      34
      43
      39
      35
      39
      33
      41
      33
      44
      27
      32
      40
      32
      30
      31
      30
      36
      32
      37
      42
      30
      32
      37
      41
      22
      30
      46
      44
      37
      33
      27
      27
      29
      39
      38
      37
      43
      47
      35
      35
      39
      41
      26
      37
      51
      29
      48
      35
      38
      48
      65
      53
      63
      51
      53
      52
      59
      57
      50
      75
      65
      74
      71
      55
      67
      67
      73
      95
      86
      89
      68
      73
      86
     100
     108
     111
     110
     116
     108
     102
     135
     109
     121
     127
     125
     124
     130
     128
     147
     135
     157
     158
     185
     146
     168
     166
     171
     161
     149
     173
     177
     168
     172
     188
     170
     173
     182
     171
     176
     204
     180
     209
     191
     203
     203
     201
     201
     187
     202
     190
     187
     172
     197
     198
     180
     168
     198
     180
     178
     147
     154
     159
     171
     137
     133
     152
     168
     168
     149
     130
     134
     125
     116
     124
     137
     127
     120
     112
     110
     104
     113
      90
      78
      96
     112
      84
      78
      84
      83
      71
      65
      62
      68
      61
      54
      64
      50
      58
      47
      56
      51
      47
      40
      43
      33
      33
      31
      35
      37
      25
      40
      32
      40
      32
      27
      37
      30
      23
      29
      26
      30
      23
      23
      27
      22
      27
      30
      19
      23
      36
      29
      26
      21
      36
      26
      26
      33
      27
      35
      33
      29
      25
      36
      34
      39
      33
      39
      32
      37
      41
      35
      37
      42
      44
      43
      54
      39
      43
      46
      39
      43
      42
      54
      54
      59
      58
      52
      50
      60
      57
      53
      57
      67
      65
      72
      71
      95
      70
      71
      82
      69
      67
      89
      71
     115
      80
     100
      89
     104
     100
      94
      95
     118
     118
     105
     107
     116
     111
     117
     134
     128
     103
     136
     145
     142
     149
     121
     152
     153
     159
     147
     135
     142
     158
     145
     161
     165
     158
     164
     158
     160
     167
     174
     147
     168
     152
     159
     173
     163
     143
     156
     172
     161
     148
     150
     161
     159
     146
     132
     148
     123
     139
     169
     125
     153
     140
     118
     133
     125
     133
     118
     112
     118
     125
     124
     107
     104
     113
     106
      91
      95
      98
      62
      90
      79
      64
      81
      73
      69
      71
      57
      57
      63
      51
      57
      48
      44
      54
      48
      40
      46
      43
      56
      44
      38
      24
      28
      40
      25
      29
      30
      25
      21
      27
      16
      28
      14
      24
      13
      24
      13
      18
      13
      20
      11
      19
       7
      11
      15
      13
      12
       8
       9
       5
      15
      12
       5
       9
      10
       6
       9
       9
       5
       4
       7
       6
       3
       9
       6
       1
       7
       3
       3
       1
       9
      12
       5
       5
       2
       4
       3
       7
       4
       5
       5
       3
       4
       3
       8
       5
       6
       6
       3
      10
       4
       7
       7
       3
       7
      10
       7
       3
       7
       7
       5
       6
       2
       5
       4
       6
       6
       9
       9
       7
       3
       9
       2
       6
       3
       7
       6
       4
       2
       2
       4
       3
       2
       2
       6
       6
       4
       2
       4
       5
       8
       2
       2
       6
       1
       2
       2
       5
       5
       5
       2
       3
       1
       5
       5
       6
       5
       2
       6
       2
       4
       2
       4
       4
       1
       1
       5
       5
       1
       2
       2
       5
       4
       3
       7
       8
       2
       3
       3
       2
       4
       2
       5
       1
       1
       3
       4
       2
       1
       5
       2
       3
       3
       8
       3
       5
       4
       1
       6
       4
       3
       5
       4
       4
       2
       0
       2
       4
       2
       3
       1
       2
       1
       4
       7
       1
       2
       3
       6
       5
       4
       3
       4
       2
       3
       5
       4
       3
       2
       1
       0
       5
       2
       1
       2
       3
       4
       6
       3
       3
       0
       1
       4
       4
       2
       2
       5
       2
       2
       5
       4
       2
       2
       5
       0
       5
       2
       5
       1
       1
       1
       6
       2
       5
       4
       4
       1
       0
       4
       3
       3
       3
       5
       2
       2
       2
       3
       3
       1
       5
       3
       1
       3
       3
       2
       3
       2
       2
       2
       5
       7
       1
       0
       3
       2
       0
       7
       5
       0
       3
       4
       4
       2
       2
       0
       3
       1
       1
       1
       1
       3
       1
       2
       0
       2
       1
       1
       2
       1
       3
       2
       2
       2
       8
       1
       2
       3
       4
       2
       3
       7
       3
       2
       1
       1
       4
       0
       2
       1
       1
       2
       0
       1
       3
       3
       4
       1
       3
       3
       1
       1
       3
       4
       4
       3
       2
       1
       3
       1
       1
       2
       1
       1
       1
       3
       4
       3
       2
       3
       0
       1
       1
       5
       2
       4
       3
       1
       6
       3
       3
       2
       4
       3
       2
       2
       1
       2
       2
       1
       2
       3
       2
       1
       2
       4
       4
       5
       3
       1
       3
       3
       1
       4
       3
       1
       4
       2
       2
       2
       3
       2
       3
       4
       1
       2
       2
       3
       1
       1
       0
       0
       1
       1
       4
       1
       2
       1
       2
       4
       0
       1
       1
       3
       0
       0
       0
       0
       0
       0
       0
       0
       0
       0
       0
       0
       0
       0
       0
       0
       0
       0
       0
       0
       0
       0
       0
       0
       0
       0
       0
       0
       0
       0
       0
       0
$ROI:
2
717 861
1457 1650
$PRESETS:
Live Time
60
0
$ENER_FIT:
-42.304211 0.890313
$MCA_CAL:
3
-4.230421E+001 8.903126E-001 0.000000E+000 keV
$SHAPE_CAL:
3
1.082589E+001 4.299253E-002 0.000000E+000
