$SPEC_ID:
No sample description was entered.
$SPEC_REM:
DET# 1
DETDESC# W8481130 Model 928 SN 14338159
AP# Maestro Version 7.01
$DATE_MEA:
05/05/2023 14:15:15
$MEAS_TIM:
119 120
$DATA:
0 2047
       0
       0
       0
       0
       0
       0
       0
       2
      71
     108
      60
      57
      40
      40
      22
      19
      22
      26
      17
      20
      23
      18
      16
      18
      18
      23
      26
      11
      24
      26
      20
      19
      17
      19
      23
      15
      13
      18
      13
      12
      16
      17
      13
      24
      26
      11
      16
      15
      13
      11
      13
      15
      13
      23
      20
      20
      15
      21
      18
      13
      22
      19
      21
      13
      24
      14
      19
      25
      25
      25
      33
      25
      32
      23
      28
      34
      36
      33
      32
      18
      40
      33
      36
      53
      38
      40
      35
      33
      28
      43
      35
      42
      31
      27
      44
      32
      39
      34
      29
      39
      27
      29
      31
      31
      26
      35
      25
      28
      23
      27
      37
      21
      29
      26
      27
      19
      23
      28
      37
      13
      22
      30
      20
      23
      16
      20
      20
      18
      26
      21
      23
      21
      22
      27
      25
      29
      15
      12
      18
      25
      20
      17
      15
      18
      27
      27
      24
      39
      29
      22
      22
      21
      26
      18
      24
      21
      32
      24
      19
      27
      35
      17
      18
      26
      23
      30
      21
      20
      23
      25
      25
      28
      23
      25
      27
      23
      30
      22
      24
      24
      30
      26
      28
      23
      27
      28
      30
      20
      34
      32
      21
      22
      26
      23
      24
      27
      19
      28
      29
      29
      34
      29
      23
      33
      21
      23
      38
      32
      25
      35
      33
      19
      20
      29
      31
      26
      28
      28
      30
      32
      20
      28
      21
      29
      32
      31
      33
      27
      36
      30
      23
      24
      29
      19
      30
      24
      31
      37
      16
      31
      22
      29
      32
      29
      21
      31
      37
      28
      27
      23
      28
      25
      22
      24
      31
      35
      37
      30
      28
      28
      30
      32
      35
      25
      30
      26
      33
      22
      22
      35
      36
      34
      25
      22
      31
      27
      37
      33
      25
      34
      27
      30
      26
      29
      28
      28
      41
      24
      29
      27
      41
      32
      26
      37
      34
      24
      26
      35
      27
      36
      28
      37
      24
      26
      27
      48
      31
      27
      31
      32
      27
      22
      27
      34
      26
      28
      29
      37
      26
      23
      21
      29
      30
      27
      37
      27
      28
      31
      36
      30
      29
      36
      28
      23
      22
      26
      22
      32
      22
      26
      32
      20
      31
      35
      31
      22
      25
      26
      37
      37
      30
      26
      31
      37
      34
      23
      23
      33
      22
      19
      19
      25
      37
      30
      25
      23
      28
      27
      28
      25
      25
      31
      23
      34
      27
      28
      24
      24
      20
      26
      21
      18
      20
      32
      28
      22
      25
      38
      37
      24
      33
      23
      27
      28
      23
      30
      36
      21
      24
      29
      23
      28
      24
      27
      27
      31
      28
      25
      14
      23
      23
      22
      16
      26
      33
      26
      24
      21
      18
      23
      20
      34
      23
      13
      27
      18
      34
      18
      26
      30
      30
      26
      35
      32
      17
      27
      27
      22
      24
      23
      24
      18
      22
      19
      30
      29
      21
      24
      22
      33
      25
      25
      34
      32
      34
      27
      27
      32
      21
      22
      23
      23
      29
      20
      19
      20
      21
      28
      21
      24
      21
      29
      17
      21
      23
      23
      26
      20
      20
      23
      21
      24
      15
      10
      21
      18
      26
      25
      20
      28
      20
      19
      19
      20
      18
      20
      31
      20
      18
      24
      23
      14
      24
      16
      25
      20
      20
      17
      33
      25
      20
      17
      25
      19
      20
      20
      11
      22
      22
      32
      25
      20
      23
      17
      18
      20
      20
      18
      14
      25
      21
      16
      21
      18
      16
      16
      17
      19
      20
      15
      23
      20
      16
      17
      20
      20
      17
      14
      18
      25
      27
      20
      12
      12
      20
      26
      12
      22
      15
      17
      12
      26
      17
      22
      16
      30
      27
      16
      15
      27
      17
      26
      18
      21
      23
      19
      17
      30
      22
      21
      21
      29
      16
      20
      14
      16
      16
      17
      22
      22
      11
      22
      16
      30
      17
      18
      12
      24
      21
      14
      23
      21
      15
      20
      16
      25
      25
      17
      23
      23
      15
      20
      31
      15
      19
      18
      18
      20
      19
      16
      27
      21
      27
      22
      22
      23
      20
      20
      30
      23
      28
      18
      15
      15
      14
      24
      12
      15
      24
      12
      23
      11
      17
      20
      21
      17
      18
      15
      21
      11
      21
      21
      27
      14
      17
      28
       9
      11
      18
      15
      15
      11
      21
      14
      12
      18
      11
      16
      16
      22
      17
      19
      19
      15
      17
      23
      16
      10
      17
      15
      13
      17
      19
      21
      12
      14
      14
      17
      10
      16
      11
      18
       9
      27
      17
      17
      10
      10
      21
      14
      13
      17
      21
      18
      17
      15
      27
      14
      22
      11
      14
      14
      12
      10
      20
      13
      13
      19
       6
      14
      14
      19
       9
      10
       9
       9
      16
      17
      12
      14
      13
      17
      13
      21
      13
      22
      19
      11
      15
      14
       8
      15
      11
      13
      18
      14
      16
      12
      15
      11
       6
      10
      10
      10
      15
      15
      11
      14
      12
      11
      12
      16
       4
      12
      13
      13
       8
       3
      11
       8
       9
      10
      18
      12
      12
      10
      13
       6
      12
       9
      18
      13
      13
       9
      11
       7
      11
      11
       9
      19
       9
       8
       7
      11
      16
      12
       8
      10
       8
       9
      10
       8
       6
       9
       7
      10
      13
       5
       7
      13
       3
       6
       5
       3
       7
       6
      11
       9
       6
       9
       8
       7
       8
       5
      13
      10
       6
      11
       9
       4
       8
      10
       7
       4
       9
       9
       5
       6
       7
       4
       7
       6
       8
      10
       6
       5
       6
       3
       5
       8
       9
       2
      10
       8
       6
      11
       7
       7
       2
       8
       6
       6
       6
       6
       7
       6
       5
       9
       9
       6
       5
       7
       3
      11
       7
       8
       2
       9
       3
       7
      10
      10
       9
      13
       6
       9
      10
       8
      13
       7
       7
       4
       9
       7
      10
      10
       8
       8
       7
      15
       4
       4
       7
       5
       6
      13
       9
      24
      15
      12
      14
      13
      15
       8
      14
       7
      15
      12
      12
      13
      14
      12
      13
      10
      18
      15
       7
      17
      14
      12
      13
      14
      23
      17
      15
      14
       9
      18
      16
      14
      16
      24
      12
      19
      21
      15
      12
      13
      23
      15
      23
      23
      13
      15
      18
      24
      17
      26
      22
      27
      22
      22
      20
      23
      28
      22
      35
      33
      23
      22
      33
      26
      31
      27
      31
      35
      29
      41
      33
      31
      44
      23
      31
      34
      33
      23
      27
      38
      35
      41
      30
      37
      35
      37
      44
      31
      41
      29
      43
      32
      38
      50
      37
      49
      42
      47
      36
      34
      34
      36
      39
      35
      39
      27
      40
      42
      33
      45
      36
      43
      47
      27
      43
      31
      43
      46
      33
      42
      29
      37
      41
      29
      34
      45
      39
      41
      34
      25
      40
      35
      44
      38
      40
      24
      31
      30
      29
      34
      35
      25
      25
      27
      34
      19
      22
      36
      33
      29
      27
      27
      27
      22
      26
      21
      28
      27
      16
      24
      16
      11
      14
      21
      21
      29
      22
      24
      29
      12
      18
      27
      16
      15
      17
      10
      23
      31
      17
      19
      13
      18
       9
      16
      12
      11
      12
      12
      14
      11
      11
       8
      12
      12
      13
      10
      19
       4
      13
       8
      10
       7
      10
      10
       9
       9
      13
       8
       5
       6
       8
      10
      11
       9
       7
       8
       4
       9
      10
       6
       7
       5
       9
       4
       6
       8
       7
       6
       4
      11
       9
       0
      14
       1
       4
       7
       3
       3
       4
       6
       3
       5
       5
       4
       5
       3
       8
       6
       2
       5
       4
       2
       1
       6
       2
       2
       5
       2
       4
       3
       3
       4
       7
       1
       4
       3
       5
       3
       9
       4
       4
       3
       0
       4
       3
       5
       4
       0
       4
       5
       3
       3
       2
       2
       2
       3
       3
       3
       5
       2
       1
       1
       1
       2
       1
       4
       8
       2
       4
       3
       2
       5
       3
       2
       3
       2
       3
       1
       1
       1
       1
       2
       3
       2
       0
       5
       2
       3
       1
       4
       2
       1
       3
       2
       5
       1
       0
       2
       4
       4
       3
       1
       4
       1
       1
       3
       3
       2
       0
       2
       3
       5
       5
       6
       2
       3
       3
       2
       1
       3
       1
       4
       1
       3
       0
       3
       4
       1
       3
       2
       3
       1
       5
       2
       5
       2
       2
       6
       5
       3
       3
       3
       5
       2
       3
       4
       2
       1
       3
       1
       4
       1
       2
       3
       2
       3
       3
       5
       1
       3
       4
       2
       3
       3
       3
       2
       5
       3
       1
       5
       4
       0
       3
       1
       1
       3
       3
       1
       3
       4
       3
       2
       2
       2
       5
       1
       1
       3
       3
       0
       3
       2
       3
       1
       2
       2
       2
       3
       2
       1
       0
       0
       2
       3
       2
       3
       3
       3
       2
       5
       4
       0
       2
       2
       4
       1
       1
       2
       2
       3
       5
       5
       2
       1
       1
       1
       1
       2
       2
       2
       3
       1
       4
       2
       2
       1
       4
       1
       2
       2
       3
       4
       1
       0
       4
       2
       0
       2
       3
       1
       3
       1
       3
       2
       1
       2
       2
       2
       2
       1
       1
       2
       1
       4
       2
       1
       1
       0
       6
       3
       1
       1
       2
       2
       0
       3
       3
       1
       2
       1
       4
       3
       0
       1
       1
       2
       2
       4
       0
       1
       2
       1
       2
       0
       4
       2
       1
       0
       2
       2
       1
       3
       1
       1
       2
       7
       2
       3
       2
       3
       2
       3
       4
       3
       3
       1
       2
       1
       4
       6
       5
       0
       3
       3
       0
       3
       2
       0
       0
       3
       1
       1
       1
       1
       0
       1
       0
       4
       1
       3
       2
       2
       1
       2
       1
       2
       3
       1
       3
       3
       3
       4
       0
       3
       1
       2
       5
       1
       3
       3
       4
       5
       2
       2
       6
       1
       0
       1
       2
       3
       2
       3
       2
       1
       1
       1
       2
       1
       4
       2
       0
       1
       1
       1
       2
       4
       3
       2
       1
       5
       5
       5
       2
       0
       2
       2
       3
       0
       3
       4
       3
       2
       1
       4
       2
       4
       2
       0
       2
       0
       5
       3
       2
       6
       0
       2
       2
       1
       3
       1
       1
       4
       0
       4
       1
       3
       4
       3
       5
       4
       0
       2
       3
       2
       2
       1
       3
       0
       2
       2
       1
       1
       3
       2
       2
       1
       2
       1
       0
       3
       2
       2
       2
       1
       2
       3
       4
       4
       0
       3
       2
       4
       1
       2
       2
       1
       4
       1
       3
       2
       3
       5
       5
       3
       4
       2
       2
       2
       0
       2
       0
       1
       1
       1
       1
       2
       3
       6
       4
       2
       1
       0
       3
       2
       2
       3
       0
       4
       0
       0
       0
       6
       2
       0
       1
       4
       3
       4
       2
       0
       2
       4
       5
       2
       1
       3
       2
       2
       4
       0
       5
       2
       0
       2
       2
       1
       2
       2
       2
       3
       5
       3
       3
       2
       2
       3
       4
       2
       2
       6
       1
       1
       3
       1
       1
       0
       4
       3
       5
       1
       4
       3
       2
       1
       4
       3
       4
       1
       2
       3
       1
       1
       2
       2
       1
       4
       0
       4
       1
       2
       2
       1
       4
       1
       1
       2
       1
       2
       5
       2
       3
       5
       2
       5
       3
       0
       3
       1
       1
       3
       1
       1
       3
       3
       0
       1
       0
       1
       2
       2
       3
       3
       4
       0
       2
       1
       2
       1
       0
       2
       5
       3
       2
       1
       2
       1
       1
       2
       5
       1
       2
       2
       2
       4
       5
       3
       4
       3
       0
       3
       1
       3
       1
       4
       1
       2
       2
       0
       2
       4
       1
       3
       1
       3
       4
       1
       1
       1
       2
       2
       2
       7
       2
       3
       1
       2
       0
       1
       1
       2
       3
       1
       2
       2
       1
       3
       2
       0
       3
       2
       4
       3
       3
       1
       1
       1
       1
       1
       0
       3
       1
       0
       1
       3
       0
       2
       0
       3
       0
       0
       0
       1
       3
       1
       2
       2
       1
       0
       4
       2
       3
       4
       1
       2
       3
       6
       2
       2
       0
       2
       3
       1
       0
       3
       3
       3
       2
       1
       3
       2
       2
       4
       1
       3
       2
       2
       1
       1
       3
       2
       2
       3
       2
       3
       3
       0
       3
       0
       3
       0
       3
       0
       2
       0
       2
       1
       0
       1
       2
       3
       2
       1
       1
       2
       3
       5
       2
       1
       2
       1
       4
       1
       2
       5
       3
       3
       0
       1
       2
       3
       0
       3
       4
       0
       0
       0
       2
       2
       1
       3
       4
       2
       0
       2
       2
       2
       1
       1
       1
       1
       2
       1
       2
       2
       1
       1
       2
       3
       2
       0
       2
       1
       2
       1
       4
       3
       2
       3
       0
       2
       2
       2
       0
       0
       2
       4
       4
       2
       0
       2
       3
       0
       1
       1
       1
       2
       1
       2
       4
       2
       2
       1
       4
       3
       6
       1
       5
       3
       0
       3
       1
       2
       2
       1
       2
       3
       3
       2
       3
       1
       1
       2
       1
       1
       5
       1
       4
       2
       2
       5
       0
       0
       4
       1
       1
       1
       2
       2
       2
       0
       1
       0
       5
       1
       1
       3
       3
       5
       0
       0
       0
       0
       0
       0
       0
       0
       0
       0
       0
       0
       0
       0
       0
       0
       0
       0
       0
       0
       0
       0
       0
       0
       0
       0
       0
       0
       0
       0
       0
       0
$ROI:
4
420 583
812 1137
1163 1426
1440 1632
$PRESETS:
Real Time
120
0
$ENER_FIT:
51.257332 0.808399
$MCA_CAL:
3
5.125733E+001 8.083990E-001 0.000000E+000 keV
$SHAPE_CAL:
3
5.476517E+001 3.156971E-002 0.000000E+000
