$SPEC_ID:
No sample description was entered.
$SPEC_REM:
DET# 1
DETDESC# W8481130 Model 928 SN 14338159
AP# Maestro Version 7.01
$DATE_MEA:
05/05/2023 15:18:46
$MEAS_TIM:
99 100
$DATA:
0 2047
       0
       0
       0
       0
       0
       0
       0
       0
      19
      24
      18
      12
      14
      11
       5
       4
       7
       7
       4
       8
      10
       9
       5
       9
       8
       6
       9
      10
       7
       7
       6
       6
       8
       5
       2
       4
       5
       5
       7
       9
       5
       6
       9
       2
       7
       1
       9
       6
       2
       2
       5
       4
       5
       9
       5
       3
       6
      10
       7
       6
       8
       6
       7
       6
       7
       7
       8
       5
      10
       9
       8
       6
       7
      10
       7
      10
      16
       9
       9
      18
      10
      10
       8
      10
      19
      18
      10
      14
      19
      16
      14
      14
      20
      11
      12
       9
      15
      12
      14
       8
      15
       9
      11
      11
       8
       9
       9
      12
       6
      11
       8
      11
      12
      10
      13
      12
       9
      10
       4
      13
       5
      10
      10
       7
       8
       9
      13
      17
       8
       9
       8
      10
       7
       9
      14
      12
      10
       8
       7
      11
       9
       9
       5
      12
      14
      15
      14
      17
       7
      13
      10
      12
      13
       5
      10
      13
      12
      13
      12
       9
      15
       7
      12
      14
      12
      10
       5
       7
      11
      10
      13
       9
      13
       8
      13
      11
      10
       8
       9
       9
      11
       7
      15
       7
       8
      11
      14
      12
      10
       8
      14
      17
      14
       8
      18
      13
      16
      11
      19
      13
       7
      11
       7
      11
      10
       9
      14
      13
      11
      12
      16
       9
       8
       6
      12
      15
       9
       8
      13
      15
      11
      14
       7
      14
      14
       8
      12
      23
      12
       7
      16
      13
      11
      15
      10
       8
      12
      17
       6
      11
      12
       9
      12
      15
       8
       9
      10
      11
      11
       9
      12
      11
       8
      10
      14
      11
      13
      10
      11
      10
      11
      10
       8
      14
      11
      15
      15
      12
       7
      12
      16
      11
      13
      12
       7
      12
      11
      10
      16
      14
       8
      14
       9
      12
      14
      10
      10
       9
      12
      10
      17
      11
       8
       7
      12
       7
      12
       7
      11
      14
       6
       5
       8
      15
      13
      14
       7
      16
      12
      12
      12
      11
      22
      10
      10
      13
      11
      14
      10
       7
      14
      10
       9
      11
      10
      10
       8
      13
       9
       7
       7
       8
      15
       4
       8
      11
      13
       5
       8
      12
      10
      12
      11
       4
      12
      11
       8
      10
       5
       4
       5
      14
      13
       7
       8
       6
      10
      12
       8
      11
       8
       8
       5
      10
       9
       8
      12
      10
      14
       6
       4
       7
       3
      14
       6
       5
       9
       9
       7
      14
      10
      10
       7
       6
       6
       5
       9
       9
      11
      11
       8
       4
      12
       8
      10
       5
       4
       3
       3
      11
      12
       2
       8
       7
       8
       3
      10
      12
       8
      10
       8
       7
      10
      12
       6
       6
      11
       7
      10
       8
       9
       4
       8
       7
       9
       6
       5
      11
       7
       7
       6
      12
       5
       4
       9
      12
       8
       7
       6
       1
       6
       8
       5
       8
       7
       6
      11
       8
       9
       8
      10
       9
       7
      12
       7
       5
       5
       4
       9
       8
       8
       6
       8
       7
       5
       7
       8
       7
      13
       6
       6
       4
       7
       9
       8
      12
       8
       6
       6
       8
       5
       7
      10
       4
       6
       2
       3
       6
       4
      10
       9
      11
      10
       6
      11
      13
       3
       7
       8
       5
       8
       7
       4
      10
       6
      13
       5
       4
       6
       8
       5
      10
       8
       5
       5
       6
       4
       8
       8
       7
       7
       4
       8
       3
       6
       4
       8
       3
       7
       8
       6
       6
       2
       8
       8
       5
       5
       8
       2
       1
       6
       4
       4
       6
       1
       6
       6
      12
       5
       3
       3
       4
       8
       4
       5
       8
       6
       6
       3
       6
       9
       5
       5
       6
       6
       8
       9
      11
       7
       5
       4
       9
       4
       6
       8
      11
       2
       5
       7
       9
       6
       9
       4
       4
       9
       7
      10
       5
       6
       6
       5
       3
       4
       3
       6
      11
       6
      10
       4
       5
       8
       5
       3
      10
       3
       7
       4
       6
       4
       1
       4
       8
       8
       5
       4
       3
       3
       3
       4
       5
       5
      11
       4
       6
       6
       5
       4
       6
       7
       6
       6
       6
       6
       2
      10
       6
       5
       9
       5
       6
       4
       4
       2
       6
       4
       7
       8
       6
       6
       7
       6
       3
      11
       1
       2
       5
       5
       7
       6
       6
       2
       3
       5
       9
       8
       7
       5
       3
       7
       7
       6
       7
       6
       6
       3
       6
       3
       5
       6
       6
       4
       2
       9
       6
       6
       8
       5
       5
       6
       3
       6
       4
      11
       4
       9
       3
       4
       1
       9
       4
       4
       8
       4
       4
       5
       2
       7
       4
       5
       7
       6
       4
       5
       3
       3
       6
       8
       4
       5
       3
       3
       3
       5
       4
       5
       4
       4
       7
       4
       3
       4
       3
       4
       2
       6
       5
       5
       6
       9
       6
       4
       6
       9
       8
       2
       2
       2
       3
       3
       4
       6
       3
       9
       3
       3
       4
       5
       5
       3
       2
       9
       2
       4
       3
       6
       3
       4
       4
       2
       3
       3
       5
       4
       3
       5
       5
       4
       1
       2
       3
       2
       6
       5
       2
       5
       2
       4
       3
       8
       0
       5
       3
       2
       4
       2
       4
       2
       1
       1
       4
       5
       3
       5
       1
       3
       2
       3
       3
       0
       5
       2
       5
       3
       2
       3
       4
       4
       5
       2
       7
       2
       5
       3
       0
       2
       1
       3
       2
       1
       3
       3
       2
       2
       6
       3
       2
       3
       1
       4
       1
       3
       2
       3
       1
       6
       5
       4
       4
       4
       3
       2
       2
       4
       5
       1
       4
       1
       2
       4
       8
       3
       4
       2
       5
       4
       3
       6
       5
       4
       2
       6
       4
       3
       3
       8
       4
       1
       3
       2
       2
       2
       2
       2
       5
       4
       2
       3
       4
       5
       0
       5
       7
       9
       0
       2
       2
       1
       3
       9
       6
       7
       4
       5
       2
       3
       0
       3
       3
       0
       9
       5
       7
       4
       7
       3
       8
       5
       4
       4
       4
       2
       2
       7
       5
       8
       2
       7
       4
       7
       4
       4
       3
       7
       4
       6
       0
       5
       4
      10
       5
       6
       4
       3
       6
       7
       7
       3
       6
       5
       9
       6
       6
       9
       7
       6
       6
       5
       7
       7
       4
       8
       5
       4
       7
       8
       7
       8
      10
       8
       7
      11
      11
       9
       8
       5
      13
      10
       4
      13
       7
      12
       8
      13
      12
      12
       3
      14
       9
       9
       9
      11
       9
       9
       9
       6
      10
       4
      11
      10
       9
       9
      14
       5
      11
       8
       9
      11
      10
       6
       7
       9
      12
       7
       8
       9
      12
      10
      12
       8
       7
       2
       7
      12
       9
       9
      14
       8
       4
       7
       8
      13
       5
      10
       6
       7
       7
      11
       8
       7
       7
       4
       4
       8
       6
       2
       9
       4
       3
       3
       4
       7
       7
       7
       6
       3
       7
       6
       6
       4
       2
       9
       4
       5
       3
       5
       4
       3
       1
       2
       4
       4
       5
       7
       3
       1
       9
       5
       4
       5
       5
       5
       1
       5
       5
       1
       6
       5
       3
       4
       4
       1
       1
       4
       5
       3
       4
       5
       3
       1
       3
       3
       2
       1
       1
       1
       2
       3
       1
       3
       6
       2
       4
       1
       6
       4
       2
       4
       4
       2
       2
       2
       4
       3
       3
       2
       2
       0
       2
       1
       3
       2
       1
       2
       2
       1
       6
       0
       7
       3
       3
       6
       2
       4
       4
       4
       1
       3
       1
       1
       4
       1
       3
       1
       3
       1
       3
       0
       5
       0
       1
       2
       3
       3
       2
       1
       0
       1
       4
       0
       2
       5
       5
       3
       2
       4
       2
       2
       4
       1
       3
       2
       4
       2
       4
       2
       4
       2
       1
       1
       2
       2
       1
       5
       4
       3
       2
       6
       0
       4
       3
       2
       2
       1
       7
       0
       4
       4
       1
       2
       2
       2
       1
       3
       4
       3
       2
       2
       3
       3
       1
       3
       0
       3
       3
       3
       2
       7
       3
       2
       3
       0
       4
       2
       6
       1
       1
       3
       1
       0
       2
       2
       2
       1
       6
       2
       4
       2
       3
       4
       2
       1
       3
       1
       1
       1
       2
       0
       3
       2
       1
       2
       2
       2
       1
       2
       2
       3
       2
       1
       3
       3
       2
       3
       1
       2
       0
       3
       1
       3
       3
       2
       0
       1
       1
       1
       0
       0
       2
       1
       2
       1
       2
       0
       0
       0
       0
       2
       0
       1
       0
       0
       2
       1
       0
       1
       0
       2
       0
       2
       5
       5
       0
       1
       0
       2
       0
       0
       3
       1
       2
       4
       1
       2
       0
       1
       0
       0
       0
       1
       0
       1
       2
       1
       1
       0
       1
       3
       0
       0
       0
       1
       0
       2
       0
       0
       0
       0
       1
       1
       1
       0
       3
       0
       1
       0
       1
       0
       1
       1
       1
       0
       0
       0
       0
       0
       0
       0
       0
       1
       0
       1
       0
       1
       0
       0
       0
       2
       0
       0
       0
       1
       0
       0
       0
       1
       2
       0
       2
       0
       2
       1
       0
       0
       0
       1
       2
       1
       0
       1
       0
       0
       1
       0
       0
       0
       1
       1
       2
       2
       0
       1
       0
       0
       0
       0
       0
       1
       0
       2
       0
       0
       2
       0
       1
       0
       0
       0
       0
       0
       0
       0
       2
       1
       1
       1
       1
       0
       1
       1
       0
       0
       0
       1
       1
       1
       0
       0
       0
       0
       0
       0
       0
       0
       0
       1
       0
       0
       0
       0
       1
       0
       0
       1
       0
       0
       1
       1
       0
       0
       0
       0
       0
       0
       1
       0
       0
       0
       1
       0
       1
       0
       2
       0
       0
       0
       0
       1
       0
       1
       0
       0
       0
       3
       0
       0
       0
       0
       0
       0
       0
       0
       1
       0
       0
       0
       0
       0
       0
       0
       0
       1
       0
       1
       1
       0
       0
       0
       0
       1
       0
       1
       0
       1
       0
       1
       0
       1
       0
       0
       1
       1
       0
       0
       0
       2
       1
       1
       0
       2
       0
       1
       0
       0
       1
       0
       1
       0
       0
       0
       0
       1
       0
       1
       1
       0
       1
       0
       0
       0
       0
       2
       0
       0
       0
       0
       0
       0
       1
       1
       0
       1
       1
       0
       1
       0
       0
       0
       0
       0
       0
       2
       2
       1
       0
       2
       1
       1
       0
       0
       0
       1
       1
       0
       1
       0
       0
       0
       1
       2
       1
       0
       0
       1
       1
       0
       1
       0
       1
       0
       0
       0
       1
       1
       0
       1
       1
       0
       0
       1
       0
       2
       2
       2
       0
       0
       0
       0
       0
       0
       0
       0
       1
       0
       0
       2
       0
       0
       1
       0
       0
       1
       2
       0
       0
       0
       0
       2
       0
       1
       0
       1
       0
       1
       1
       1
       0
       1
       0
       0
       0
       1
       0
       0
       0
       0
       1
       0
       2
       0
       1
       0
       0
       0
       2
       0
       0
       0
       1
       0
       1
       3
       1
       0
       2
       0
       0
       0
       1
       0
       0
       0
       0
       2
       0
       0
       0
       0
       0
       0
       0
       0
       1
       0
       0
       0
       1
       0
       2
       1
       0
       1
       1
       0
       1
       1
       0
       0
       0
       1
       0
       0
       0
       0
       0
       1
       0
       0
       1
       0
       1
       0
       0
       0
       0
       0
       0
       2
       0
       0
       1
       1
       0
       1
       0
       0
       1
       0
       0
       0
       0
       0
       0
       0
       0
       0
       0
       1
       0
       1
       0
       0
       0
       0
       1
       0
       0
       0
       0
       0
       0
       0
       2
       1
       0
       0
       0
       1
       0
       0
       0
       0
       0
       0
       1
       0
       0
       0
       0
       0
       0
       0
       0
       0
       0
       0
       0
       0
       0
       1
       0
       0
       0
       0
       0
       0
       0
       0
       0
       2
       0
       1
       0
       0
       0
       0
       0
       0
       0
       0
       0
       0
       0
       0
       0
       0
       1
       0
       0
       0
       0
       1
       0
       0
       0
       1
       0
       1
       0
       0
       1
       0
       0
       0
       0
       0
       1
       0
       1
       0
       0
       0
       0
       0
       0
       0
       0
       0
       0
       0
       1
       1
       0
       0
       0
       0
       2
       0
       1
       1
       1
       0
       0
       0
       0
       1
       0
       0
       0
       0
       0
       0
       0
       0
       0
       0
       0
       0
       0
       0
       0
       0
       0
       0
       0
       0
       0
       0
       0
       0
       0
       0
       0
       0
       0
       0
       1
       1
       1
       0
       0
       0
       0
       0
       0
       0
       0
       0
       2
       0
       0
       0
       0
       0
       0
       0
       1
       0
       0
       0
       0
       0
       1
       0
       1
       0
       0
       0
       0
       0
       0
       1
       0
       0
       1
       0
       0
       0
       1
       0
       0
       0
       0
       0
       0
       0
       2
       0
       0
       0
       0
       0
       0
       0
       0
       0
       1
       0
       1
       0
       0
       0
       1
       0
       0
       0
       0
       0
       0
       0
       0
       1
       0
       2
       0
       0
       0
       1
       0
       0
       0
       0
       0
       0
       0
       0
       0
       0
       0
       1
       0
       0
       0
       0
       0
       0
       0
       0
       0
       0
       0
       1
       2
       0
       0
       1
       0
       0
       0
       0
       0
       0
       0
       0
       0
       0
       0
       0
       0
       0
       0
       0
       0
       0
       0
       0
       0
       0
       0
       0
       0
       0
       0
       0
       0
       0
       0
       0
       0
$ROI:
0
$PRESETS:
Real Time
100
0
$ENER_FIT:
51.257332 0.808399
$MCA_CAL:
3
5.125733E+001 8.083990E-001 0.000000E+000 keV
$SHAPE_CAL:
3
5.476517E+001 3.156971E-002 0.000000E+000
