$SPEC_ID:
No sample description was entered.
$SPEC_REM:
DET# 1
DETDESC# W8481130 Model 928 SN 14338159
AP# Maestro Version 7.01
$DATE_MEA:
05/05/2023 15:00:46
$MEAS_TIM:
99 100
$DATA:
0 2047
       0
       0
       0
       0
       0
       0
       0
       3
      52
      58
      44
      31
      38
      21
      20
      28
      26
      27
      27
      27
      33
      34
      28
      25
      29
      18
      21
      25
      23
      22
      29
      27
      24
      21
      19
      17
      21
      17
      26
      26
      17
      16
      18
      26
      24
      19
      15
      21
      12
      24
      26
      22
      24
      22
      21
      18
      13
      19
      25
      20
      22
      27
      20
      24
      33
      21
      23
      28
      30
      33
      32
      25
      31
      24
      32
      37
      38
      45
      36
      34
      38
      43
      42
      47
      46
      36
      50
      45
      42
      44
      50
      46
      42
      36
      53
      52
      33
      37
      32
      40
      45
      31
      38
      44
      33
      42
      33
      30
      30
      33
      31
      33
      28
      41
      33
      31
      27
      32
      21
      27
      32
      29
      38
      25
      27
      33
      23
      27
      36
      44
      35
      34
      36
      28
      33
      35
      28
      34
      40
      33
      48
      33
      27
      50
      27
      35
      40
      32
      30
      37
      46
      47
      41
      37
      39
      36
      41
      49
      40
      37
      37
      41
      50
      40
      47
      40
      31
      43
      39
      50
      39
      33
      37
      29
      36
      33
      48
      40
      36
      36
      37
      41
      44
      31
      40
      38
      40
      29
      41
      42
      37
      39
      45
      50
      42
      36
      34
      40
      34
      37
      38
      31
      44
      46
      32
      56
      45
      46
      45
      40
      36
      31
      32
      33
      44
      41
      43
      42
      49
      31
      46
      38
      41
      44
      30
      45
      47
      45
      41
      35
      47
      54
      42
      33
      50
      43
      43
      47
      36
      41
      49
      45
      46
      31
      52
      32
      32
      47
      35
      39
      38
      44
      40
      56
      37
      45
      54
      39
      39
      36
      48
      35
      46
      48
      37
      40
      44
      40
      35
      50
      50
      41
      33
      34
      41
      38
      34
      29
      43
      32
      50
      39
      38
      32
      35
      29
      34
      46
      48
      38
      51
      38
      40
      34
      43
      42
      44
      37
      50
      46
      45
      47
      40
      40
      37
      35
      42
      31
      37
      29
      38
      30
      33
      45
      37
      34
      25
      32
      33
      41
      32
      29
      33
      29
      32
      34
      26
      25
      33
      36
      36
      25
      39
      35
      26
      25
      37
      27
      26
      30
      46
      36
      36
      42
      27
      38
      29
      21
      25
      34
      27
      26
      31
      24
      35
      35
      27
      21
      28
      28
      31
      29
      24
      25
      31
      42
      29
      39
      27
      23
      22
      33
      34
      32
      28
      39
      34
      29
      16
      33
      33
      36
      35
      25
      30
      23
      33
      24
      32
      32
      38
      27
      21
      28
      34
      27
      21
      31
      32
      35
      31
      41
      20
      29
      26
      25
      30
      31
      29
      22
      17
      32
      21
      32
      18
      22
      16
      25
      18
      30
      30
      25
      33
      22
      28
      36
      30
      26
      21
      31
      22
      20
      24
      24
      21
      27
      26
      30
      24
      25
      30
      20
      37
      24
      28
      16
      28
      16
      31
      29
      28
      41
      31
      19
      29
      25
      17
      25
      25
      16
      26
      23
      14
      19
      26
      27
      30
      27
      25
      29
      22
      20
      27
      21
      21
      28
      28
      22
      18
      25
      24
      28
      26
      22
      29
      26
      25
      27
      26
      16
      17
      20
      18
      27
      21
      20
      36
      29
      33
      23
      21
      23
      22
      27
      25
      21
      27
      24
      22
      19
      20
      22
      23
      25
      19
      24
      22
      20
      13
      30
      16
      22
       9
      25
      20
      22
      20
      21
      13
      17
      22
      26
      21
      21
      24
      27
      32
      23
      27
      24
      16
      13
      25
      26
      25
      21
      20
      16
      23
      16
      14
      16
      22
      18
      20
      26
      15
      18
      18
      15
      13
       9
      26
      26
      31
      19
      14
      16
      19
      17
      14
      24
      20
      27
      21
      21
      24
      20
      16
      15
      14
      26
      20
      19
      19
      17
      23
      12
      20
      31
      22
      17
      23
      18
      19
      24
      28
      19
      14
      17
      21
      23
      14
      14
      15
      18
      17
      23
      23
      24
      22
      27
      24
      13
      13
      12
      14
      21
      14
      17
      26
      19
      15
      18
      19
      12
      20
      18
      14
      19
      22
      17
      16
      20
      18
      24
      17
      16
      21
      21
      18
      14
      18
      18
      22
      24
      14
      11
      13
      33
      20
      19
      28
      17
      17
      15
      19
      13
      25
      14
      16
      18
      25
      14
      20
      13
      12
      15
      21
      10
      19
      16
      18
      19
      14
      13
      16
      16
      16
      20
      19
      17
      20
      19
      18
      18
      20
      11
      11
      21
      15
      15
      17
      19
      16
      22
      18
      17
      19
      16
      13
      11
      19
      16
       9
      18
      16
      18
      19
      12
      17
      15
      14
      13
      12
      23
      16
      11
      17
      21
      14
      14
      15
      17
       9
       8
      13
      23
      16
      12
      16
      15
      17
       8
      16
      20
      17
      12
      14
      10
      12
      12
      16
      16
      16
      14
      20
      13
      19
      12
      17
      14
      13
      15
      11
      10
      12
      16
      15
      10
      15
      11
       6
      11
       7
      13
      13
      14
      17
      18
      16
      17
      11
      16
      16
      11
      12
      12
      10
      15
       9
      11
      15
      11
      21
      12
      13
       9
      13
       9
      12
       8
      14
      11
      14
      15
       8
      19
      14
      11
      10
      10
      14
      11
       5
      11
       7
       8
       9
      16
      14
      12
      10
      17
      14
      10
      14
      14
      14
      14
      11
       9
      13
      18
      15
       9
       8
      12
      11
      10
      12
      10
       6
      11
      15
      10
       6
       9
      12
      11
       6
      17
      13
       9
      11
       5
      11
      10
      13
      13
      13
      10
      21
      15
       8
       6
       7
       7
      10
      12
      14
       5
      10
       9
      12
      14
       6
       7
      16
      16
       9
      10
      10
       7
       8
      13
      11
      13
      13
       9
       2
      14
       8
      18
       7
      17
      13
       9
      21
      18
       9
       7
      11
      13
      16
       6
      18
       9
       7
      11
      11
       4
      10
      18
      13
       8
      10
      17
       9
      10
      13
       6
      12
       9
      10
      15
      16
       8
      13
      15
      16
      21
      11
      21
      14
      10
      13
      23
      17
      19
      14
      23
      12
      11
      21
      17
      14
      11
      16
      19
      23
      13
      20
      14
      17
      12
      25
      18
      14
      28
      23
      21
      22
      32
      23
      16
      22
      20
      22
      23
      24
      18
      29
      24
      15
      24
      31
      25
      28
      35
      37
      26
      30
      30
      29
      37
      23
      33
      28
      25
      27
      26
      39
      24
      37
      26
      28
      31
      25
      25
      22
      36
      35
      29
      27
      29
      37
      26
      31
      38
      34
      25
      32
      31
      30
      33
      30
      29
      24
      30
      33
      32
      23
      32
      34
      28
      32
      33
      40
      34
      32
      29
      33
      31
      26
      28
      20
      19
      23
      28
      23
      25
      22
      24
      22
      34
      21
      26
      22
      27
      31
      14
      31
      20
      23
      26
      16
      19
      26
      26
      26
      28
      22
      24
      17
      22
      16
      26
      20
      15
      16
      16
      15
      22
      21
      15
      17
      13
      18
      20
      15
      12
      15
      17
      12
      13
      10
      14
      19
       7
      10
       7
       7
       8
       4
      13
      10
       7
      10
      14
       6
       6
       6
      13
      13
      11
       6
       9
       5
      15
      11
      12
       4
       9
       4
       6
      11
       4
       4
      10
       8
       7
       6
       8
       6
       6
       8
       6
       3
       6
       3
       7
       3
       9
       7
      10
       6
      10
       9
       8
       9
       8
       8
       4
       6
       6
      12
      14
      13
       9
       8
      13
       9
       6
      10
       9
      15
       6
      10
      14
       4
       9
       8
      12
       9
      10
       8
      12
       7
       6
       5
      10
      12
      10
       9
       8
       7
       6
       6
       6
      12
       9
       7
      10
      11
      11
       9
       9
      13
      10
      11
      10
      14
       6
      11
      10
      12
      11
      14
       7
      11
      10
       8
       8
      10
      16
      12
      16
      10
       9
       9
       6
      10
       9
      14
       7
       4
      15
      10
      10
       9
      17
       9
       7
       9
       9
       9
      10
      10
       9
      12
      12
       7
      10
       9
       6
       7
      10
       6
       6
      11
      12
      13
       6
       7
      11
      13
       2
       6
       7
      10
       3
       5
       7
       3
       7
       7
       2
       8
       9
       7
       6
      10
       6
       4
       4
       3
       3
       9
       6
       7
       5
       4
       4
       4
       3
       3
       7
       6
       4
       6
       7
       5
       5
       4
       8
       2
       4
       7
       2
       3
       5
       1
       5
       3
       1
       3
       4
       5
       6
       5
       0
       4
       3
       5
       2
       1
       8
       1
       1
       2
       4
       3
       5
       4
       2
       3
       1
       3
       1
       3
       2
       3
       8
       2
       4
       1
       3
       2
       1
       2
       1
       3
       4
       3
       3
       4
       3
       1
       4
       2
       2
       0
       2
       2
       2
       0
       4
       0
       3
       2
       1
       0
       1
       2
       0
       1
       0
       0
       0
       0
       0
       3
       2
       3
       2
       1
       1
       0
       2
       1
       0
       1
       2
       0
       1
       2
       2
       0
       0
       1
       2
       1
       0
       1
       3
       0
       1
       0
       1
       1
       0
       0
       1
       1
       1
       1
       5
       1
       3
       1
       2
       0
       1
       2
       3
       1
       0
       0
       0
       1
       2
       1
       0
       3
       2
       2
       1
       0
       0
       3
       0
       0
       0
       0
       0
       0
       1
       1
       0
       1
       0
       1
       1
       0
       1
       1
       1
       1
       0
       0
       0
       0
       1
       1
       0
       3
       0
       0
       3
       3
       1
       0
       2
       0
       1
       1
       2
       1
       0
       1
       2
       1
       1
       0
       0
       1
       1
       0
       2
       1
       1
       2
       0
       0
       2
       0
       0
       1
       0
       1
       1
       0
       0
       1
       2
       0
       0
       0
       0
       0
       0
       0
       2
       0
       1
       1
       0
       2
       1
       0
       1
       0
       1
       0
       0
       0
       0
       0
       0
       0
       2
       1
       0
       0
       0
       0
       1
       0
       2
       2
       1
       0
       0
       0
       1
       1
       1
       0
       1
       1
       0
       0
       0
       0
       1
       0
       1
       0
       0
       1
       0
       1
       1
       1
       1
       1
       0
       0
       2
       1
       0
       0
       0
       0
       1
       0
       0
       3
       0
       0
       0
       0
       1
       2
       0
       1
       1
       3
       0
       3
       2
       1
       1
       2
       0
       1
       2
       0
       1
       0
       0
       2
       0
       1
       1
       1
       1
       2
       0
       2
       2
       0
       1
       2
       0
       1
       0
       1
       5
       1
       0
       2
       1
       1
       1
       0
       0
       1
       4
       1
       1
       0
       0
       2
       0
       2
       0
       0
       2
       1
       0
       0
       3
       2
       1
       1
       0
       0
       0
       1
       0
       3
       0
       1
       0
       0
       1
       3
       2
       2
       2
       3
       1
       1
       3
       0
       1
       2
       0
       1
       0
       1
       1
       2
       2
       2
       0
       0
       0
       0
       1
       2
       0
       1
       0
       1
       0
       0
       1
       0
       1
       0
       0
       1
       0
       1
       0
       0
       1
       0
       0
       1
       1
       0
       2
       1
       0
       2
       0
       1
       1
       2
       1
       1
       2
       1
       1
       1
       0
       1
       0
       0
       2
       0
       1
       2
       1
       0
       0
       1
       0
       0
       2
       0
       0
       0
       1
       0
       0
       0
       0
       0
       0
       1
       0
       0
       1
       0
       0
       0
       0
       0
       1
       1
       0
       0
       0
       1
       1
       0
       1
       0
       1
       0
       2
       1
       1
       1
       0
       1
       0
       1
       2
       0
       0
       0
       2
       1
       0
       1
       0
       0
       0
       0
       1
       1
       0
       0
       2
       1
       3
       0
       1
       0
       1
       0
       1
       1
       0
       0
       1
       1
       0
       0
       2
       0
       2
       0
       0
       1
       0
       0
       0
       0
       1
       1
       0
       0
       0
       1
       0
       1
       0
       0
       1
       0
       0
       0
       0
       0
       0
       0
       0
       0
       0
       0
       0
       0
       1
       0
       2
       0
       0
       1
       0
       0
       1
       1
       0
       1
       0
       2
       0
       0
       0
       1
       0
       0
       0
       2
       0
       3
       0
       0
       0
       0
       0
       0
       0
       1
       0
       1
       0
       0
       1
       0
       0
       2
       0
       0
       0
       0
       0
       0
       1
       1
       0
       0
       1
       0
       1
       0
       0
       0
       1
       1
       1
       0
       0
       0
       0
       1
       0
       1
       1
       1
       0
       1
       0
       0
       1
       0
       1
       0
       2
       0
       0
       0
       1
       0
       1
       0
       1
       1
       0
       1
       0
       1
       1
       1
       0
       0
       2
       0
       0
       0
       0
       0
       0
       0
       0
       0
       0
       1
       0
       0
       0
       0
       0
       0
       0
       1
       1
       0
       1
       0
       0
       0
       0
       1
       0
       1
       0
       0
       1
       0
       0
       0
       0
       0
       1
       1
       0
       1
       2
       1
       0
       0
       1
       0
       0
       0
       0
       2
       0
       1
       0
       1
       0
       0
       0
       0
       0
       1
       1
       0
       0
       0
       0
       0
       0
       0
       1
       1
       0
       0
       1
       0
       0
       0
       0
       0
       0
       1
       0
       0
       1
       1
       1
       1
       1
       0
       0
       0
       0
       0
       1
       0
       1
       0
       0
       0
       0
       0
       0
       0
       1
       0
       1
       2
       0
       0
       1
       0
       0
       0
       0
       0
       0
       0
       0
       0
       0
       0
       0
       0
       0
       0
       0
       0
       0
       0
       0
       0
       0
       0
       0
       0
       0
       0
       0
       0
       0
       0
       0
       0
       0
$ROI:
0
$PRESETS:
Real Time
100
0
$ENER_FIT:
51.257332 0.808399
$MCA_CAL:
3
5.125733E+001 8.083990E-001 0.000000E+000 keV
$SHAPE_CAL:
3
5.476517E+001 3.156971E-002 0.000000E+000
