$SPEC_ID:
No sample description was entered.
$SPEC_REM:
DET# 1
DETDESC# W8481130 Model 928 SN 14338159
AP# Maestro Version 7.01
$DATE_MEA:
05/05/2023 15:08:46
$MEAS_TIM:
99 100
$DATA:
0 2047
       0
       0
       0
       0
       0
       0
       0
       0
      18
      41
      24
      13
      15
      21
       9
      13
      14
      18
      18
      13
      12
      19
      14
      12
      13
      14
      10
      17
      11
       9
      15
      10
      12
      10
      12
      14
      15
      12
      17
      16
      14
      16
      10
      12
       9
       7
       9
       8
      13
      16
      13
       9
       9
       9
      13
      12
       5
       7
      13
      13
      16
      15
      18
      11
      22
      12
      12
      16
      20
      15
      22
      15
      22
      13
      26
      23
      16
      23
      24
      25
      24
      26
      24
      24
      17
      29
      22
      21
      32
      22
      23
      18
      14
      29
      21
      28
      24
      22
      25
      19
      17
      20
      17
      17
      15
      12
      23
      17
      16
      18
      17
      18
      16
      25
      21
      12
      18
      15
      15
      18
      17
      18
      22
      18
      15
      18
      18
      17
      22
      20
      14
      18
      13
      16
      19
       9
      19
      17
      13
      20
      12
      17
      23
      32
      14
      15
      19
      22
      20
      30
      20
      14
      26
      16
      26
      19
      26
      18
      27
      24
      20
      33
      17
      18
      29
      20
      16
      26
      35
      30
      19
      27
      21
      26
      23
      22
      23
      27
      28
      29
      33
      26
      37
      17
      18
      26
      22
      23
      22
      19
      32
      23
      19
      16
      20
      18
      14
      19
      18
      28
      30
      19
      22
      22
      18
      23
      24
      25
      16
      30
      20
      19
      20
      22
      22
      26
      21
      22
      21
      17
      18
      29
      19
      25
      21
      20
      20
      28
      28
      22
      20
      34
      21
      29
      20
      21
      36
      21
      20
      21
      27
      16
      23
      22
      25
      27
      26
      23
      20
      34
      26
      25
      24
      22
      17
      28
      24
      24
      26
      15
      19
      32
      17
      22
      26
      22
      27
      22
      24
      28
      26
      15
      25
      23
      20
      26
      22
      22
      24
      15
      19
      26
      28
      24
      26
      21
      19
      22
      13
      21
      18
      23
      22
      17
      19
      21
      24
      30
      24
      18
      22
      16
      28
      25
      20
      15
      30
      18
      18
      23
      21
      18
      20
      28
      19
      27
      24
      23
      22
      13
      25
      15
      18
      18
      25
      23
      23
      19
      27
      24
      17
      17
      24
      14
      16
      21
      17
      16
      15
      16
      22
      19
      22
      15
      19
      23
      13
      14
      14
      16
      16
      20
      13
      20
      15
      21
      16
      19
      21
      24
      23
      15
      20
      16
       7
      21
      17
      23
      16
      20
      13
      20
      16
      17
      16
      18
      16
      17
      11
      13
      23
      19
      12
      11
      14
      13
      15
      17
      20
      14
      22
      19
      19
      16
      10
      15
      17
      12
      12
      17
       9
      16
      20
      11
      10
      22
      25
      15
      14
      14
      20
      15
      15
      12
      16
      16
      14
      10
      18
      16
      12
      22
      24
      19
      10
      15
       9
       9
      19
      12
      13
      17
      15
       7
      18
      20
      18
      20
      16
      15
      15
      10
      20
      14
      21
      11
      16
      21
      10
      18
      14
      12
      15
      16
      12
      13
      19
      12
       8
      17
      13
      15
      16
      10
      16
      11
      13
       9
      10
      17
      18
      12
       5
       7
      13
      14
      20
      13
      16
      14
      16
      10
      15
      13
      19
      11
      15
      14
      17
      16
      12
      14
      15
      13
      13
      11
      15
      16
      13
       8
      12
       9
      11
      13
      11
      15
      12
      10
      11
      10
      10
       5
      12
      15
       8
      18
       7
      16
      12
      13
       8
       9
       8
       8
      15
      14
       8
      17
       8
      11
      10
      12
      11
       7
       8
      12
      13
      10
      10
      12
       9
      12
      10
      12
      13
      10
      17
       8
      14
      10
      10
       6
      11
      11
      18
      13
      10
       7
      14
      13
      11
      16
      15
      13
       8
       9
       7
      15
       9
      11
      10
      10
       9
      10
       9
      12
       7
      10
       8
       7
      10
      11
       5
       7
      11
      11
      10
       8
       7
      12
      11
       7
      10
      10
      14
       6
      15
      11
      13
      17
      10
      11
      10
      11
       6
      10
      14
       7
       9
       9
       6
      16
      14
      11
       5
       9
      13
      12
      13
      14
      13
      10
      14
      16
      12
       6
       5
      10
      12
       5
      15
       9
      13
       4
      10
       6
      13
       8
      10
       7
      13
      13
      12
       9
       6
      15
       8
       7
       7
      10
      14
      11
      11
      10
       9
      14
      15
       7
       5
      11
       8
      14
       7
       3
       8
       6
      13
      13
      12
       8
       6
       6
       7
      14
      14
      13
       6
      11
       6
      15
       8
      10
      14
       7
      10
       5
      16
      12
      16
       9
      17
      12
      18
      10
      10
      11
       2
      10
      16
       9
      14
      10
      15
      12
      10
       2
      13
       6
       8
       9
      12
       9
       8
       9
       9
       7
       9
      10
       5
       5
       6
       8
       9
       4
       4
      12
       9
       9
       9
       7
      16
       7
       3
      14
      10
       3
      10
       8
       7
       8
       8
      11
       7
      14
      11
      11
      10
       6
       8
       7
       5
       9
      11
       6
       8
       7
       9
       6
      12
       8
       6
       5
       7
       6
      10
       5
       5
      13
       7
       8
       8
      10
       9
      10
       7
       9
       5
       6
      11
       7
       6
       5
      10
       7
       9
       3
       3
       4
       7
       6
       7
       5
       5
       3
       9
       6
       8
       4
       6
      11
       7
       4
       8
       6
       5
       9
       7
       6
       8
       8
       4
       4
       7
       6
       2
       7
       7
       3
       5
       4
       6
       2
       4
       5
       5
      12
       4
       2
       2
       5
       3
      11
       7
       5
       2
       6
       7
       5
       7
      10
      13
       2
       2
      10
       6
      10
       6
       6
       7
       5
       7
       3
       7
       6
       4
       9
       7
       4
       7
       4
       4
       5
       5
       5
       8
       6
       7
       8
       5
      10
       7
       5
       7
       6
       6
       6
       1
       7
       9
      11
       7
       7
      10
       5
      10
       5
       2
       6
       6
       5
       4
       6
       6
       9
       7
      12
       9
       2
       7
       8
       4
       5
      10
       8
       6
       5
      10
       9
       9
       6
       5
       5
       6
       9
       7
       7
      10
       6
       5
      17
       4
      10
      12
      14
      11
       9
       8
      13
       8
      13
      17
      15
      11
       9
      11
      10
       7
      11
      12
       9
       9
      12
      11
       8
       9
       8
       9
      12
      10
      17
      13
      10
       4
      13
      12
      10
      15
      10
      14
      16
      17
      23
      13
      13
      14
      13
      19
      21
       9
      18
      16
      19
      19
      10
      19
      10
      22
      17
      18
      21
      20
      13
      16
      13
      16
      13
      17
      15
      16
       9
      16
      20
      17
       8
      16
      14
      15
      21
      16
      15
      12
      18
      17
      12
      20
      17
      18
      20
      11
      15
      14
      16
      14
      21
      16
      21
      17
      25
      17
      13
      16
      12
      21
      23
      13
      12
      20
      17
      15
      12
      11
      13
      22
      18
      18
       7
      15
      15
      20
      18
      17
      19
      16
      10
      12
      14
      13
      14
      13
      12
      11
      13
      10
      12
      17
      11
       7
       9
       9
      10
      15
      10
       8
       6
       7
       9
       8
      11
       9
      10
       4
       6
       2
       9
       8
       9
       4
       6
       6
       6
       3
       7
       5
       6
       5
       2
       7
      10
       7
       6
       5
       5
      11
       4
       3
       7
       2
       4
       7
       2
       3
       2
       3
       6
       7
       6
       3
       7
       3
       2
       7
       4
       6
       4
       3
       5
       6
       5
       3
       5
       2
       3
       3
       3
       3
       6
       1
       7
       0
       7
       7
       2
       2
       2
       3
       2
       7
       3
       4
       5
       3
       4
       1
       7
       5
       8
       3
       5
       3
       1
       5
       5
       5
       4
       4
       3
       6
       9
       0
       5
       4
       6
       6
       9
       4
       7
      10
       5
       2
       3
       5
       7
       3
       3
       4
       6
       4
       5
       3
       6
      11
       9
       7
       5
       8
       7
       4
       4
       7
       7
       5
       4
       5
       7
       9
       5
       6
       3
       7
       8
       3
       6
       7
       5
       4
       7
       3
       4
       6
       3
       9
       9
       1
       8
       6
      14
       8
       7
      10
       8
       7
       5
       5
       7
       5
       6
       3
       4
       7
       1
       3
       5
       3
       5
       6
       6
      10
       5
       3
       2
       2
       3
       3
       6
       2
       8
       4
       7
       5
       5
       2
       5
       1
       7
       5
       5
       2
       5
       3
       1
       0
       4
       4
       1
       5
       4
       4
       1
       3
       4
       4
       5
       3
       2
       1
       1
       1
       3
       2
       2
       3
       0
       2
       2
       2
       1
       3
       2
       2
       3
       2
       3
       3
       2
       2
       1
       1
       2
       2
       3
       1
       1
       3
       3
       1
       2
       0
       1
       0
       0
       0
       2
       1
       1
       1
       0
       1
       2
       1
       1
       1
       1
       0
       3
       4
       3
       2
       0
       1
       0
       1
       2
       0
       1
       0
       1
       0
       2
       1
       0
       0
       1
       3
       1
       0
       1
       2
       1
       1
       0
       0
       1
       3
       0
       1
       1
       0
       0
       1
       1
       1
       3
       0
       1
       0
       1
       0
       1
       2
       2
       1
       1
       2
       0
       0
       1
       0
       3
       3
       2
       1
       2
       2
       0
       1
       2
       0
       0
       1
       1
       0
       1
       1
       0
       0
       0
       1
       1
       0
       0
       2
       3
       1
       1
       1
       1
       0
       0
       1
       0
       0
       1
       0
       1
       0
       0
       0
       0
       0
       0
       0
       1
       0
       0
       0
       4
       1
       0
       0
       0
       1
       1
       0
       0
       0
       0
       1
       0
       0
       0
       1
       0
       0
       1
       3
       0
       1
       0
       0
       0
       0
       1
       1
       0
       2
       0
       2
       0
       1
       0
       1
       0
       0
       0
       0
       2
       0
       1
       0
       0
       1
       0
       0
       0
       2
       2
       2
       1
       0
       0
       0
       1
       0
       0
       0
       1
       0
       0
       0
       0
       2
       0
       0
       0
       1
       0
       0
       0
       0
       0
       0
       2
       1
       0
       0
       2
       0
       0
       0
       1
       1
       0
       0
       1
       0
       0
       0
       0
       0
       0
       0
       0
       0
       0
       0
       0
       1
       0
       1
       1
       0
       1
       2
       2
       0
       0
       1
       3
       2
       0
       2
       2
       0
       2
       0
       0
       0
       0
       1
       1
       0
       1
       2
       1
       1
       0
       1
       0
       0
       0
       0
       0
       2
       1
       0
       0
       1
       1
       1
       1
       0
       1
       0
       0
       0
       1
       0
       1
       1
       0
       2
       0
       0
       1
       0
       0
       0
       1
       1
       3
       0
       1
       0
       1
       0
       2
       1
       0
       1
       1
       0
       0
       3
       1
       1
       0
       0
       0
       0
       1
       0
       0
       0
       2
       0
       0
       1
       1
       1
       0
       2
       1
       1
       0
       0
       0
       2
       1
       1
       1
       1
       0
       1
       1
       1
       1
       1
       1
       0
       0
       0
       0
       0
       2
       0
       0
       0
       1
       2
       0
       1
       0
       1
       0
       2
       0
       0
       2
       0
       1
       0
       1
       2
       1
       0
       0
       1
       0
       2
       1
       0
       1
       0
       1
       1
       0
       1
       1
       1
       1
       1
       0
       0
       1
       0
       0
       0
       0
       1
       0
       1
       0
       0
       2
       0
       1
       1
       0
       0
       0
       0
       0
       1
       1
       0
       0
       2
       0
       0
       0
       0
       1
       1
       1
       0
       0
       0
       1
       1
       1
       0
       1
       0
       1
       1
       2
       0
       0
       0
       0
       1
       1
       1
       1
       0
       0
       0
       0
       1
       1
       0
       0
       0
       1
       0
       1
       1
       1
       0
       0
       0
       0
       0
       0
       0
       0
       2
       0
       1
       0
       1
       1
       0
       0
       0
       0
       0
       0
       0
       0
       1
       1
       0
       0
       1
       0
       0
       0
       0
       1
       0
       1
       0
       0
       0
       1
       1
       1
       0
       0
       1
       0
       0
       1
       0
       0
       0
       0
       0
       1
       0
       0
       0
       0
       0
       0
       0
       0
       0
       0
       0
       0
       0
       0
       1
       0
       0
       0
       0
       1
       0
       0
       1
       1
       0
       0
       0
       0
       0
       0
       1
       0
       0
       0
       0
       0
       0
       1
       0
       2
       0
       0
       0
       0
       1
       0
       1
       1
       0
       0
       0
       0
       0
       0
       0
       0
       0
       0
       1
       0
       0
       0
       1
       0
       0
       0
       0
       0
       0
       0
       0
       0
       0
       0
       0
       1
       0
       1
       0
       0
       0
       0
       0
       1
       0
       0
       0
       0
       0
       2
       0
       2
       0
       1
       0
       1
       0
       0
       0
       0
       0
       0
       0
       0
       0
       0
       0
       0
       2
       0
       0
       0
       0
       0
       0
       0
       1
       1
       0
       1
       0
       1
       0
       0
       0
       0
       0
       0
       0
       0
       0
       1
       0
       0
       0
       1
       0
       0
       0
       0
       0
       0
       0
       0
       1
       0
       0
       0
       0
       2
       0
       0
       1
       0
       0
       1
       0
       1
       0
       1
       0
       0
       0
       0
       0
       1
       1
       0
       0
       0
       1
       0
       0
       1
       0
       0
       1
       0
       0
       0
       1
       0
       0
       1
       0
       0
       0
       0
       0
       0
       0
       0
       0
       0
       0
       0
       0
       0
       0
       0
       0
       0
       1
       1
       0
       0
       0
       0
       0
       0
       0
       0
       0
       0
       0
       0
       0
       0
       0
       0
       0
       0
       0
       0
       0
       0
       0
       0
       0
       0
       0
       0
       0
       0
       0
       0
       0
       0
       0
       0
       0
       0
       0
       0
       0
       0
       0
       0
$ROI:
0
$PRESETS:
Real Time
100
0
$ENER_FIT:
51.257332 0.808399
$MCA_CAL:
3
5.125733E+001 8.083990E-001 0.000000E+000 keV
$SHAPE_CAL:
3
5.476517E+001 3.156971E-002 0.000000E+000
