$SPEC_ID:
No sample description was entered.
$SPEC_REM:
DET# 1
DETDESC# W8481130 Model 928 SN 14338159
AP# Maestro Version 7.01
$DATE_MEA:
05/05/2023 15:06:46
$MEAS_TIM:
99 100
$DATA:
0 2047
       0
       0
       0
       0
       0
       0
       0
       1
      28
      52
      29
      27
      18
      19
      19
       8
      18
      21
      12
      15
      16
      18
      13
      21
      14
       7
      21
      18
      16
      20
      12
      14
       9
       8
      17
      15
      18
      18
      15
      10
      12
      13
       8
      10
      16
      10
      14
       7
      14
      14
      12
      15
      14
      13
      11
      19
       9
      12
      10
      16
      20
      14
      18
      19
      17
      18
      17
      18
      20
      28
      16
      16
      19
      30
      24
      26
      23
      20
      25
      19
      33
      29
      16
      22
      20
      33
      36
      27
      39
      24
      40
      33
      32
      36
      32
      33
      24
      26
      33
      20
      15
      25
      17
      16
      29
      30
      26
      16
      18
      13
      16
      18
      21
      15
      20
      23
      13
      17
      23
      18
      27
      17
      15
      23
      21
      16
      24
      17
      21
      24
      33
      18
      14
      24
      22
      24
      23
      15
      30
      23
      23
      25
      19
      29
      28
      18
      28
      18
      23
      24
      25
      18
      27
      28
      21
      19
      21
      25
      32
      25
      28
      27
      20
      31
      24
      33
      26
      19
      32
      31
      26
      23
      28
      32
      29
      30
      24
      20
      23
      45
      28
      23
      17
      24
      25
      21
      34
      28
      20
      21
      21
      38
      25
      25
      20
      17
      31
      27
      23
      28
      24
      41
      18
      14
      28
      28
      21
      23
      29
      26
      31
      26
      25
      26
      29
      20
      29
      37
      39
      33
      19
      26
      24
      21
      28
      33
      23
      34
      17
      29
      30
      20
      19
      22
      29
      27
      27
      24
      24
      26
      29
      37
      23
      31
      29
      24
      35
      32
      11
      32
      19
      27
      13
      23
      28
      18
      30
      24
      28
      25
      15
      13
      26
      25
      19
      18
      25
      30
      26
      17
      24
      28
      28
      29
      30
      23
      32
      19
      23
      23
      24
      17
      24
      21
      35
      25
      25
      24
      24
      21
      27
      17
      29
      30
      24
      32
      25
      30
      27
      26
      22
      18
      19
      19
      21
      17
      19
      21
      27
      15
      29
      20
      16
      22
      31
      24
      23
      23
      21
      23
      25
      22
      21
      22
      26
      26
       9
      22
      23
      23
      18
      17
      21
      16
      31
      23
      11
      22
      27
      12
      15
      13
      15
      18
      26
      14
      18
      22
      20
      24
      23
      10
      16
      14
      20
      20
      24
      22
      16
      29
      15
      16
       8
      21
      23
      18
      23
      16
      27
      11
      21
      15
      17
      17
      16
      20
      26
      20
      29
      20
      19
      27
      22
      22
      18
      22
      15
      17
      15
      21
      19
      22
      17
      18
      15
      17
      16
      16
      19
      20
      20
      15
      18
      18
      21
      15
      21
      15
      17
      18
      28
      21
      19
      10
      22
      19
      17
      21
      15
      18
      18
      26
      24
      27
      14
      15
      13
      26
      14
      19
      11
      23
      17
      20
      15
      15
      15
      11
      16
      14
      10
      19
      14
      13
      14
      19
      12
      21
      17
      14
      20
      15
      10
      20
      14
      23
      11
      18
      17
      14
       8
      20
       7
      19
      16
      13
      17
      19
      19
      13
      13
      18
      13
      17
      16
       8
      15
      16
      18
      10
      15
      20
      13
      10
      11
       8
      12
      11
      20
      11
      10
      23
      19
      15
      19
      11
      13
      10
      19
      15
      11
      15
      15
      28
      11
      15
      14
      13
      16
       8
      19
      17
      11
       9
      16
      10
      16
      10
      13
      16
      10
      12
      14
      12
      10
      13
       7
      14
      16
      11
      25
      19
      17
      16
      18
      15
      15
       6
       8
      12
      15
      12
      14
      15
      18
      13
      14
       7
      16
      10
      11
      10
      15
      19
      11
      10
      16
       8
      14
      19
      17
      14
      15
      13
      17
      12
      11
      20
       9
      20
      13
      19
      22
      22
       4
      12
      13
      12
      12
      10
      12
       9
      12
      13
      13
      11
      14
      12
      13
      18
      16
       6
      13
       4
      15
      18
      15
       7
      19
      15
       6
       7
      14
       7
       8
      14
       9
       7
      13
      11
      11
      19
      13
      12
      10
       9
      14
      15
      10
      14
      14
      10
      16
      18
      11
      18
      11
       8
      14
      12
      19
      13
       6
      11
      10
      13
       7
      22
      16
      11
      11
      10
      16
      10
      14
      11
       9
       8
      16
      11
       7
       9
       9
      17
      13
       7
       9
       5
      12
      12
      17
      13
      11
      17
      12
      15
       8
      10
       2
      13
       8
       8
       6
      11
       9
      17
      11
      12
      11
       9
       6
      15
      12
      17
      11
      10
      11
       8
       6
       8
      10
      13
      16
      14
       9
      11
       9
       7
       5
      19
      16
       7
      10
       8
       5
      13
      13
       8
       8
      16
       7
       7
      11
      12
      13
      16
      14
       8
      11
      11
      13
      10
      11
      12
      15
      17
       6
       6
       8
       5
      13
      19
      11
      14
      10
       7
      11
       8
       4
       9
       8
      11
       6
      10
       7
       9
      10
      10
      10
       8
       7
      11
       9
       7
       8
      13
      12
       3
       7
       6
       8
       9
       7
       7
       8
       7
      10
      10
      11
       5
      10
       8
       7
       9
       8
      13
      11
       7
       4
       3
       6
       5
       7
       9
       6
       9
       7
      12
       7
       7
       9
       5
       9
       6
       8
      10
       8
       8
       7
       8
      10
       6
       5
      11
       7
       8
      13
       2
       7
       9
       8
       7
      10
      13
       5
       3
       5
       9
       8
       5
       7
       5
       4
       9
       3
       5
       9
       5
       3
       3
       7
       5
      10
       9
       9
       5
       4
       6
       5
       5
       6
       7
       4
       6
       8
       5
       5
       7
       4
      11
       8
       4
       6
       6
       1
       5
       7
       2
       3
       7
       8
       9
       6
       8
       3
       8
       9
      10
       4
       4
       6
       5
       8
      10
       9
       4
       6
       8
       6
      10
       2
       8
       4
       8
       7
       7
       6
       4
       7
       5
       3
       4
       8
       8
       9
       8
       8
       9
       4
       7
       3
       5
       5
      10
       6
       8
      13
       7
       7
      11
       6
      11
       8
       8
       8
       8
       7
       9
      12
      15
      13
       7
       9
      11
       8
      13
      15
       6
      13
       7
      14
      13
      11
      14
      13
      12
      14
       8
      10
      13
      13
      12
      13
      16
      11
      11
      14
      15
      17
      15
       8
      13
      15
      15
      17
       8
      19
      15
      19
      17
      20
      18
      15
      10
      19
      20
       9
      19
      18
      13
      12
      11
      16
      10
      18
      30
      10
      17
      13
      21
      17
      30
      28
      14
      26
      21
      21
      20
      21
      20
      22
      19
      16
      16
      19
      13
      19
      24
      20
      22
      17
      26
      18
      17
      19
      19
      26
      27
      31
      18
      16
      19
      17
      26
      20
      26
      13
      23
      21
      19
      21
      21
      19
      21
      19
      25
      17
      20
      21
      30
      14
      31
      18
      19
      13
      19
      18
      21
      11
      16
      19
      25
      21
      16
      17
      19
      21
      10
      17
      12
      21
      19
      18
      12
      14
      13
      15
      18
      15
       9
      14
      14
      15
      11
       8
       9
      10
      14
       8
      17
      10
       8
       9
       8
      12
       6
       7
       8
      10
       8
       7
       6
       1
       8
       7
       9
       9
      10
       3
       9
       7
       7
       7
       7
       0
       7
       8
      11
       4
       3
       9
       7
       5
       7
       6
       2
       3
       6
       9
       8
       4
       3
       1
       3
       6
       5
       5
       7
       8
       5
       7
       3
       5
       5
       7
       4
       3
       4
       2
       7
       9
       4
      10
       4
       4
       8
       4
       3
       6
       7
       5
       4
       6
       3
       8
       6
       7
       4
       3
       3
       7
       6
      10
       5
      10
       7
       5
       8
       8
       4
       6
       2
       5
       2
       4
       5
       5
       5
       4
       5
       8
       6
       8
       6
       6
       8
       7
       5
       8
       9
       7
       8
       3
       7
       7
       4
       5
      12
       5
       5
       5
       8
       8
      10
       8
       2
       7
       9
      12
       8
       4
       8
       7
       5
       9
       6
       6
       7
       6
       5
       6
      11
      10
       9
       3
      13
       7
       9
       6
       9
       8
       8
       7
       3
       8
       6
       8
       7
       6
       7
       3
       3
       3
      10
       6
       4
       8
       9
       8
       3
       2
       8
       3
       3
       6
       0
       6
       6
       2
       3
       7
       3
       1
       3
       2
       5
       4
       2
       5
       9
       3
       3
       4
       5
       5
       2
       1
       2
       2
       2
       4
       4
       6
       2
       2
       5
       2
       3
       2
       3
       8
       0
       3
       1
       1
       4
       3
       2
       3
       4
       2
       2
       1
       3
       0
       1
       2
       4
       1
       0
       5
       1
       2
       0
       1
       2
       2
       0
       2
       0
       1
       0
       1
       2
       1
       0
       1
       0
       1
       1
       4
       1
       3
       2
       0
       1
       2
       0
       1
       0
       0
       1
       1
       0
       2
       2
       1
       4
       2
       1
       1
       0
       2
       1
       1
       2
       1
       0
       0
       1
       1
       1
       1
       1
       0
       0
       1
       0
       0
       1
       1
       1
       1
       1
       1
       1
       0
       1
       1
       0
       1
       2
       1
       0
       0
       1
       1
       2
       0
       1
       1
       1
       0
       2
       2
       2
       0
       1
       2
       1
       1
       1
       0
       1
       1
       0
       0
       0
       1
       1
       2
       0
       3
       0
       2
       1
       0
       1
       0
       0
       0
       1
       0
       2
       0
       1
       1
       0
       1
       0
       0
       2
       0
       0
       0
       2
       0
       1
       0
       0
       0
       0
       0
       1
       0
       1
       0
       1
       0
       0
       1
       0
       2
       0
       0
       0
       0
       0
       0
       1
       0
       0
       0
       0
       1
       0
       1
       1
       0
       0
       0
       0
       0
       1
       0
       0
       0
       0
       1
       1
       1
       1
       0
       0
       0
       1
       0
       2
       3
       0
       0
       0
       0
       0
       1
       0
       2
       2
       0
       0
       0
       0
       0
       0
       0
       0
       1
       0
       0
       0
       1
       0
       1
       1
       2
       3
       0
       1
       1
       0
       0
       0
       0
       0
       0
       2
       2
       0
       0
       1
       0
       0
       1
       0
       0
       0
       0
       1
       0
       1
       0
       1
       0
       1
       1
       0
       0
       0
       0
       0
       1
       1
       0
       1
       0
       1
       0
       0
       1
       0
       2
       1
       1
       0
       1
       0
       0
       0
       1
       0
       1
       0
       1
       1
       1
       0
       0
       0
       1
       2
       0
       0
       0
       0
       1
       2
       0
       4
       1
       0
       1
       0
       0
       0
       2
       0
       0
       1
       1
       0
       1
       1
       3
       0
       0
       1
       0
       0
       1
       0
       1
       0
       3
       0
       1
       0
       1
       0
       0
       0
       0
       0
       3
       2
       1
       1
       1
       0
       1
       0
       1
       1
       1
       0
       1
       0
       1
       0
       2
       0
       0
       1
       0
       0
       1
       0
       0
       3
       2
       0
       0
       0
       0
       0
       2
       0
       0
       0
       4
       3
       1
       0
       0
       0
       1
       0
       1
       0
       0
       0
       0
       1
       0
       0
       0
       0
       0
       1
       1
       0
       1
       0
       0
       0
       0
       0
       1
       0
       0
       1
       1
       1
       0
       0
       1
       0
       1
       0
       0
       0
       0
       0
       0
       0
       0
       0
       0
       0
       0
       0
       0
       0
       2
       0
       0
       0
       1
       1
       0
       2
       0
       3
       0
       0
       0
       0
       2
       1
       1
       0
       1
       0
       0
       0
       1
       0
       0
       0
       0
       0
       0
       1
       0
       0
       0
       1
       0
       0
       0
       0
       0
       0
       2
       1
       0
       1
       0
       0
       0
       1
       0
       1
       0
       1
       0
       2
       1
       0
       0
       0
       0
       0
       0
       0
       1
       0
       0
       0
       2
       1
       0
       0
       0
       1
       0
       0
       0
       1
       0
       1
       0
       0
       1
       1
       0
       0
       0
       2
       0
       0
       0
       0
       0
       0
       1
       0
       0
       0
       0
       0
       0
       0
       0
       0
       0
       1
       0
       1
       0
       0
       0
       0
       0
       0
       0
       1
       1
       2
       1
       0
       0
       0
       0
       0
       0
       0
       0
       0
       0
       0
       0
       0
       0
       0
       0
       0
       0
       0
       0
       1
       0
       1
       1
       1
       0
       0
       0
       0
       0
       0
       0
       0
       0
       0
       0
       0
       0
       0
       0
       1
       0
       0
       0
       0
       0
       0
       0
       0
       0
       0
       0
       0
       1
       1
       0
       0
       1
       0
       0
       0
       0
       0
       0
       0
       0
       0
       1
       0
       0
       0
       0
       0
       1
       2
       0
       0
       0
       0
       0
       0
       0
       0
       0
       0
       0
       0
       0
       0
       0
       0
       0
       0
       0
       0
       0
       0
       0
       1
       0
       0
       0
       1
       1
       1
       1
       1
       0
       1
       0
       0
       0
       0
       1
       0
       1
       0
       0
       0
       1
       0
       0
       0
       0
       1
       0
       0
       0
       2
       0
       0
       0
       2
       0
       3
       0
       0
       1
       0
       1
       0
       0
       0
       0
       0
       0
       0
       0
       1
       0
       1
       0
       0
       0
       0
       0
       0
       0
       0
       0
       1
       0
       0
       0
       2
       1
       0
       0
       1
       0
       0
       0
       0
       1
       1
       0
       0
       0
       0
       0
       0
       0
       0
       0
       2
       0
       0
       2
       0
       0
       0
       0
       1
       1
       0
       1
       1
       0
       0
       0
       0
       0
       0
       0
       0
       0
       0
       0
       0
       0
       0
       0
       0
       0
       0
       0
       0
       0
       0
       0
       0
       0
       0
       0
       0
       0
       0
       0
       0
$ROI:
0
$PRESETS:
Real Time
100
0
$ENER_FIT:
51.257332 0.808399
$MCA_CAL:
3
5.125733E+001 8.083990E-001 0.000000E+000 keV
$SHAPE_CAL:
3
5.476517E+001 3.156971E-002 0.000000E+000
