$SPEC_ID:
No sample description was entered.
$SPEC_REM:
DET# 1
DETDESC# W8481130 Model 928 SN 14338159
AP# Maestro Version 7.01
$DATE_MEA:
05/05/2023 15:10:46
$MEAS_TIM:
99 100
$DATA:
0 2047
       0
       0
       0
       0
       0
       0
       0
       1
      30
      36
      21
      13
      13
      22
      13
      12
      13
      14
      11
      15
       9
      15
      13
      13
      17
       8
      12
      11
       9
      15
      16
      11
      10
      12
      16
      12
      13
       8
       7
      11
       9
       9
      10
      10
      10
      10
      10
       9
       7
      10
      10
       8
       4
       9
      13
      11
      10
       7
       9
       7
       6
       9
      10
      14
      22
      17
      11
      14
      12
      17
      10
      12
      13
      14
      11
      23
      29
      26
      13
      23
      18
      21
       8
      25
      12
      16
      19
      31
      19
      17
      22
      26
      31
      29
      16
      26
      14
      18
      18
      13
      15
      23
      23
      18
      25
      20
      11
      13
      11
      16
      16
      14
      18
      15
      15
      10
      24
      12
      10
      11
      12
      13
      14
      19
      10
      15
      11
      15
      16
      16
      20
      15
      19
      26
      16
       9
      13
      16
      15
      15
      22
      18
      19
      25
      19
      21
      13
      13
      18
      21
      16
      23
      13
      19
      23
      16
      20
      24
      15
      25
      17
      14
      15
      19
      16
      15
      17
      15
      14
      28
      16
      22
      20
      23
      20
      14
      12
      19
      17
      30
      11
      18
      13
      15
      19
      23
      17
      22
      24
      13
      20
      16
      15
      14
      12
      18
      24
      28
      18
      20
      14
      15
      25
      33
      21
      25
      28
      22
      19
      20
      14
      16
      14
      23
      18
      21
      19
      20
      22
      24
      13
      11
      15
      21
      21
      16
      15
      27
      15
      17
      19
      18
      20
      23
      25
      20
      26
      14
      14
      15
      28
      22
      20
      18
      14
      22
      23
      22
      21
      16
      24
      17
      16
      23
      14
      27
      19
      22
      19
      17
      19
      21
      19
      10
      22
      25
      15
      17
      22
      19
      17
      18
      23
      22
      20
      24
      18
      22
      13
      17
      17
      15
      23
      20
      19
      26
      15
      11
      17
      18
      20
      17
      27
      16
      23
      13
      14
      17
      20
      19
      22
      19
      20
      16
      16
      19
      13
      28
      16
      14
      17
      15
      14
      18
      17
      16
      11
      15
      23
      11
      20
      19
      18
      21
      15
      19
      16
      12
      21
      17
      13
      17
      22
      12
      11
      15
      16
      15
      12
      22
      15
      16
      17
      15
      17
      13
      16
      11
      18
      16
      10
      12
      17
      17
      18
      11
      18
      21
      22
      13
      12
      19
      10
      20
      15
      13
      15
      16
      10
      18
      17
      11
      11
      17
      12
      17
      14
      14
      26
      13
      10
      16
      11
      14
      12
      13
      10
      11
      12
      14
      18
      16
      10
      11
       6
      11
      13
      12
      11
      14
      12
      13
      13
      11
      13
      17
      15
      15
      17
      10
      13
      10
      18
      15
      14
      17
      10
      20
      12
       9
      11
       6
      15
       9
      16
      15
      12
      18
      14
      12
      10
      12
      11
      17
      14
      10
       8
      14
      11
      13
      14
       8
      12
      13
       8
       7
       8
      15
      14
      10
       9
      11
      17
       8
       7
      13
      14
      17
      13
      14
      15
      11
      18
       9
      11
      16
      11
       9
       9
      11
      17
       5
      16
      16
      10
      13
      15
      12
      13
       9
      11
      13
      16
       8
      14
      10
      15
      11
      11
      15
       7
      19
      14
      11
      11
      13
       6
      11
      15
      10
      19
      12
       5
       7
      11
      14
       9
      12
      14
       7
      10
       3
       9
      12
      22
      12
      14
       8
       7
      10
      16
       8
      12
       7
       7
      16
      12
      11
      15
      10
       8
      17
      13
      10
       8
      11
      17
      10
       6
      16
       9
       5
       9
      11
       8
      14
      10
      11
      14
      11
      10
      10
       7
      10
      10
      13
      13
       4
      12
       8
       8
      10
       9
      15
      11
      12
      15
      13
      11
       8
      10
      13
       3
      12
      11
      12
       8
       6
      10
       6
       6
       7
      12
      11
       6
       9
       5
      12
       5
       7
      16
      13
       9
      11
      10
      11
      11
       7
       9
       9
       7
      11
      10
       9
       5
       8
       6
       9
      12
       7
       9
       4
      10
       8
       8
       6
      13
       8
      16
       7
       9
       8
      12
      10
      11
      10
      10
      14
      11
      12
      13
      11
      13
      10
       9
      12
      10
       4
      10
      13
       8
       9
      13
       8
       6
       9
       6
      13
       8
       9
       9
      12
      13
      11
      13
       8
      21
       7
      12
       7
       6
       5
       8
       7
       7
       8
       9
       8
       8
       6
       7
      12
      11
      10
      10
       8
       8
       9
      14
       9
      11
      11
       7
      11
      10
       8
       7
       7
      11
       9
       8
       8
       6
       8
       8
       7
       9
       8
       9
      14
      10
       6
      10
      11
       7
       7
      15
       4
      10
       5
      13
       3
       4
       9
      10
       9
      14
      15
       5
       7
      11
       8
       7
       6
      11
       6
      12
       6
       4
       3
       9
      15
       4
       7
       4
       8
       9
       4
       6
       6
       7
       4
      11
       3
       5
       7
       7
       9
       3
       5
      15
       9
      10
       7
      11
       9
       8
       6
       7
       7
       8
       5
       3
       8
       4
       4
       6
       9
       5
       9
      10
       5
       7
       4
       9
       8
       6
       2
      10
       6
       8
       7
       9
       9
      11
       5
       7
       6
       6
       4
      13
       5
       4
       5
       5
       4
       1
       4
       3
      12
       5
       9
       6
       7
       7
       3
       3
       5
       4
       6
       9
       7
       5
       4
       3
       4
       6
       6
       7
       1
       5
       5
       9
       4
       7
       3
       4
       3
       3
       4
       3
       5
       5
      10
       4
       3
       8
       8
      12
       4
       7
       6
       3
       3
       5
       3
       4
       3
       3
       2
       5
       5
       1
       7
       8
       4
       3
       6
       3
       6
       6
       9
       3
       7
       3
       2
       4
       7
       5
       2
       9
      10
       4
       8
       5
       4
       6
       2
       4
       2
       9
       2
       4
       3
       3
       5
       7
       6
       2
       7
       6
       2
       7
       6
       5
       6
       5
       9
      11
       4
       7
       1
       3
       7
       6
       6
       7
      10
       8
       9
       6
       7
       9
      10
      13
       8
       7
       4
       9
       5
       7
       6
       5
       9
       6
       9
       4
       4
       3
      14
      11
      13
       6
       5
      13
      11
       8
       7
      12
       8
       9
       8
      12
       9
      14
       1
      10
      10
      20
       5
       8
      12
      13
      10
      10
      12
      10
       8
      12
      11
       7
      10
      11
       9
      15
      10
      13
      12
      22
      11
      16
      12
      14
      24
      15
      10
      19
      12
      11
      10
      14
      18
      24
      13
      21
      13
      23
      14
       8
      16
      14
      13
      14
      15
       9
      12
      17
      17
      18
      11
       6
      12
      19
      14
      11
      18
      17
      13
      17
      24
      14
      15
      12
      13
      14
      13
      10
      15
      15
      15
      13
      13
       8
       9
       9
      12
      18
       9
      13
      12
       8
      11
      18
      25
      18
      14
      13
      10
      13
      14
      16
      12
      10
      12
       7
       9
      13
       6
      15
       2
       7
       8
       6
       9
      14
       6
      10
       6
      10
       5
      12
      10
       7
      15
       7
       6
      10
       7
      14
       5
       9
       4
      10
      10
      11
       4
       8
       8
       5
       4
       9
       7
       3
       7
      10
       5
       4
       6
       6
       5
       3
       5
       1
       9
       7
       4
       3
       6
       5
       2
       5
       2
       7
       3
       7
       3
       4
       7
       1
       4
       3
       3
       5
       4
       4
       2
       2
       1
       4
       4
       4
       5
       2
       4
       2
       5
       4
       7
       3
       2
       8
       9
       3
       3
       3
       2
       2
       7
       3
       3
       4
       4
       4
       6
       2
       4
       3
       9
       4
       1
       6
       5
       6
       3
       8
       2
       2
       8
       5
       8
       8
       6
       7
       4
       5
       3
       5
       6
       5
       5
       4
       6
       6
       4
       3
       5
       4
       4
       4
       7
       4
       6
       3
       5
       7
       5
       5
       7
       4
       4
       5
       4
       4
       4
       3
       7
       7
       8
       2
       6
       5
       4
       6
       6
       9
       7
       2
       4
       3
       4
       7
       3
       3
       5
       2
       9
      10
       4
       8
       8
       3
       7
       7
       5
       6
       5
       4
       4
       6
       5
       7
       4
       3
       4
       5
       3
       6
       2
       3
       5
       5
       5
       1
       5
       9
       1
       1
       1
       5
       5
       3
       2
       4
       3
       5
       2
       2
       3
       3
       3
       4
       4
       5
       2
       3
       1
       3
       1
       5
       3
       5
       2
       4
       2
       2
       3
       2
       0
       2
       5
       4
       4
       2
       1
       2
       1
       3
       2
       2
       3
       1
       3
       4
       0
       1
       1
       3
       2
       1
       1
       2
       1
       2
       3
       2
       1
       0
       0
       1
       0
       1
       2
       0
       0
       4
       1
       3
       2
       1
       1
       2
       0
       1
       4
       2
       1
       2
       0
       1
       2
       1
       1
       1
       2
       3
       0
       0
       1
       1
       1
       1
       1
       1
       0
       1
       0
       1
       2
       1
       1
       0
       0
       0
       1
       0
       0
       0
       1
       0
       0
       2
       0
       1
       0
       0
       1
       2
       0
       1
       0
       0
       0
       1
       2
       2
       1
       1
       1
       2
       1
       1
       0
       0
       0
       2
       1
       0
       1
       2
       0
       0
       1
       0
       2
       0
       3
       0
       0
       0
       0
       0
       0
       1
       0
       1
       1
       0
       0
       0
       0
       1
       0
       2
       2
       0
       0
       2
       0
       0
       0
       0
       0
       0
       0
       0
       2
       1
       1
       0
       2
       1
       1
       0
       0
       0
       0
       1
       1
       0
       0
       0
       0
       0
       0
       1
       2
       1
       1
       0
       0
       0
       0
       0
       0
       1
       0
       0
       1
       0
       0
       0
       0
       0
       1
       0
       2
       0
       0
       1
       0
       0
       1
       2
       1
       1
       0
       1
       0
       2
       1
       0
       1
       0
       0
       1
       0
       0
       0
       1
       0
       1
       2
       0
       1
       1
       0
       1
       0
       1
       0
       0
       1
       0
       0
       0
       0
       0
       0
       1
       0
       1
       0
       0
       0
       0
       0
       1
       0
       0
       0
       1
       2
       0
       1
       0
       1
       0
       1
       1
       0
       0
       2
       0
       0
       1
       0
       2
       1
       1
       0
       1
       1
       3
       0
       0
       0
       0
       1
       0
       2
       0
       0
       0
       2
       0
       0
       1
       1
       1
       2
       0
       0
       2
       0
       0
       0
       1
       0
       0
       0
       1
       0
       2
       1
       0
       1
       0
       0
       0
       0
       0
       0
       0
       1
       0
       1
       0
       0
       0
       0
       0
       0
       0
       0
       0
       0
       1
       0
       0
       0
       0
       1
       0
       0
       0
       1
       0
       3
       0
       1
       2
       0
       1
       0
       1
       0
       1
       2
       1
       0
       1
       0
       0
       0
       3
       0
       0
       0
       1
       1
       0
       0
       1
       0
       0
       1
       0
       0
       2
       1
       2
       1
       0
       0
       0
       3
       0
       1
       1
       0
       2
       0
       1
       0
       1
       1
       3
       0
       0
       1
       0
       0
       2
       0
       2
       1
       1
       1
       0
       0
       0
       0
       0
       0
       1
       1
       1
       0
       0
       0
       0
       2
       2
       1
       2
       0
       0
       0
       0
       1
       1
       1
       1
       1
       1
       1
       0
       0
       0
       1
       0
       1
       1
       1
       0
       0
       0
       0
       1
       0
       1
       1
       0
       0
       1
       1
       0
       0
       1
       0
       0
       0
       0
       0
       0
       0
       1
       1
       0
       0
       0
       0
       1
       0
       0
       0
       1
       1
       0
       0
       0
       0
       1
       1
       0
       0
       2
       1
       0
       0
       0
       0
       0
       2
       1
       1
       0
       0
       0
       0
       0
       0
       0
       0
       0
       1
       0
       0
       0
       0
       0
       0
       1
       1
       0
       0
       0
       0
       0
       0
       1
       1
       0
       0
       0
       1
       0
       0
       1
       0
       0
       0
       0
       0
       0
       0
       0
       0
       0
       0
       0
       0
       0
       0
       0
       0
       1
       1
       0
       0
       1
       0
       1
       0
       0
       0
       0
       0
       0
       0
       0
       0
       0
       0
       0
       3
       2
       0
       0
       0
       0
       1
       0
       1
       0
       0
       1
       0
       0
       0
       2
       0
       0
       0
       0
       0
       1
       0
       0
       0
       0
       1
       0
       0
       1
       0
       1
       0
       0
       0
       0
       0
       0
       0
       1
       0
       0
       0
       0
       0
       0
       0
       0
       0
       0
       0
       0
       0
       0
       0
       0
       0
       0
       0
       1
       0
       0
       0
       0
       1
       0
       0
       0
       1
       0
       0
       0
       0
       1
       0
       0
       0
       0
       0
       0
       1
       0
       1
       1
       0
       0
       0
       0
       0
       1
       0
       0
       0
       0
       0
       0
       0
       0
       0
       0
       0
       0
       0
       0
       0
       0
       0
       0
       0
       0
       0
       0
       0
       0
       1
       0
       0
       1
       0
       1
       1
       0
       0
       0
       0
       0
       0
       0
       0
       0
       0
       0
       0
       0
       1
       0
       0
       0
       0
       0
       0
       0
       0
       0
       0
       0
       0
       0
       1
       2
       2
       0
       0
       0
       0
       0
       1
       1
       0
       0
       0
       0
       0
       0
       0
       0
       0
       0
       0
       0
       0
       0
       0
       1
       0
       0
       0
       1
       0
       0
       1
       0
       0
       0
       0
       0
       0
       1
       1
       0
       0
       0
       0
       0
       0
       0
       0
       0
       0
       0
       0
       0
       0
       0
       0
       0
       0
       0
       0
       0
       0
       0
       0
       0
       0
       0
       0
       0
       0
       0
       0
       0
       0
$ROI:
0
$PRESETS:
Real Time
100
0
$ENER_FIT:
51.257332 0.808399
$MCA_CAL:
3
5.125733E+001 8.083990E-001 0.000000E+000 keV
$SHAPE_CAL:
3
5.476517E+001 3.156971E-002 0.000000E+000
