$SPEC_ID:
No sample description was entered.
$SPEC_REM:
DET# 1
DETDESC# W8481130 Model 928 SN 14338159
AP# Maestro Version 7.01
$DATE_MEA:
05/05/2023 14:19:15
$MEAS_TIM:
119 120
$DATA:
0 2047
       0
       0
       0
       0
       0
       0
       0
       3
      61
     134
      61
      65
      42
      35
      27
      35
      24
      23
      31
      18
      20
      29
      24
      12
      21
      20
      18
      22
      33
      13
      20
      22
      18
      17
       8
      21
      21
      18
      16
      20
      13
      12
      16
      16
      16
      13
      19
      16
      14
      17
      18
      23
      20
      16
      19
      22
      11
      17
      14
      18
      11
      13
      12
      21
      19
      19
      29
      21
      21
      32
      21
      32
      19
      21
      35
      28
      19
      29
      33
      26
      35
      38
      36
      35
      23
      35
      40
      40
      29
      43
      24
      36
      28
      34
      37
      39
      35
      28
      26
      30
      30
      27
      29
      36
      22
      28
      25
      27
      24
      21
      20
      27
      22
      21
      28
      26
      31
      26
      26
      24
      16
      25
      27
      16
      16
      24
      21
      19
      31
      28
      19
      26
      16
      28
      22
      19
      11
      27
      22
      25
      17
      24
      21
      33
      29
      27
      23
      27
      30
      22
      18
      21
      25
      20
      17
      30
      24
      18
      28
      30
      19
      26
      18
      29
      29
      22
      27
      23
      25
      25
      32
      28
      23
      22
      33
      25
      26
      25
      27
      25
      31
      31
      26
      31
      21
      33
      27
      32
      30
      29
      37
      21
      39
      26
      31
      24
      32
      28
      22
      26
      25
      22
      25
      28
      18
      27
      34
      21
      26
      31
      21
      34
      21
      29
      33
      25
      29
      22
      27
      25
      30
      29
      25
      24
      31
      29
      26
      25
      24
      29
      33
      22
      21
      30
      25
      29
      38
      28
      26
      33
      32
      34
      37
      22
      27
      26
      20
      32
      30
      31
      32
      30
      28
      21
      35
      39
      32
      29
      26
      25
      34
      31
      38
      39
      28
      33
      31
      28
      26
      25
      28
      26
      23
      30
      38
      32
      23
      33
      32
      26
      34
      30
      30
      41
      30
      35
      29
      32
      26
      39
      35
      20
      37
      19
      27
      30
      33
      37
      37
      24
      24
      26
      31
      21
      24
      23
      28
      20
      23
      28
      24
      26
      26
      22
      30
      23
      34
      25
      34
      28
      35
      27
      29
      23
      29
      23
      30
      30
      28
      18
      20
      23
      32
      46
      24
      27
      35
      22
      28
      30
      25
      23
      25
      27
      27
      28
      35
      18
      30
      28
      21
      25
      21
      36
      24
      29
      37
      24
      21
      30
      30
      23
      29
      25
      23
      25
      20
      26
      34
      28
      26
      36
      31
      19
      26
      33
      35
      20
      27
      27
      20
      33
      24
      24
      20
      19
      17
      24
      21
      22
      27
      21
      22
      31
      27
      27
      27
      16
      25
      32
      16
      23
      32
      38
      22
      28
      26
      23
      27
      28
      27
      21
      27
      34
      24
      25
      20
      29
      16
      28
      21
      35
      31
      26
      30
      23
      29
      31
      34
      23
      29
      28
      18
      24
      17
      25
      11
      36
      30
      26
      21
      24
      17
      13
      19
      23
      27
      18
      22
      33
      23
      24
      17
      19
      28
      24
      33
      25
      24
      23
      15
      18
      18
      23
      15
      24
      20
      21
      18
      28
      22
      24
      29
      28
      17
      27
      23
      21
      26
      17
      18
      18
      24
      15
      26
      18
      21
      12
      20
      20
      20
      25
      33
      28
      22
      23
      24
      15
      25
      28
      22
      23
      23
      22
      21
      24
      17
      18
      16
      13
      24
      20
      22
      19
      23
      23
      20
      17
      20
      14
      21
      22
      18
      16
      27
      12
      14
      23
      27
      12
      18
      25
      19
      13
      20
      20
      23
      18
      18
      14
      22
      19
      21
      18
      25
      21
      14
      21
      20
      27
      13
      24
      22
      12
      15
      20
      19
      18
      23
      15
      21
      23
      16
      23
      16
      15
      24
      18
      17
      16
      17
      19
      22
      20
      12
      21
      17
      22
      21
      31
      21
      18
      22
      18
      13
      22
      20
      21
      19
      20
      16
      16
      21
      19
      20
      24
      23
      16
      15
      16
      28
      14
      24
      15
      21
      21
      19
      21
      12
      15
      16
      23
      14
      26
      17
      21
      12
      19
      21
      16
      19
      17
      23
      17
      22
      14
      17
      25
      14
      19
      17
      19
      14
      16
      17
      20
      16
      11
      21
      10
      17
      13
      10
      17
      20
      18
      17
      20
      25
      20
      21
      15
      12
      17
      30
      18
      13
      18
      19
      14
      17
       8
      16
      19
       9
      14
      14
      14
      18
      26
      12
      16
      15
      25
      15
      11
      17
      16
      19
      16
      16
      18
      15
      11
      11
      21
      13
      30
      16
      23
      21
       9
      14
       8
      27
      16
      15
      27
      14
      14
      15
       9
      19
      16
      12
      16
      17
      15
      22
      10
      17
      20
      16
      19
      20
       9
      14
      15
      12
      14
      22
      10
      10
      14
      19
      11
      19
      12
      11
      20
      11
      20
      19
      11
      20
      11
      22
      10
      12
      17
       9
      12
      17
       7
      13
       8
      13
      12
      17
      13
      14
      11
      11
      13
      11
       6
      11
      13
      12
      12
       8
      16
       6
      15
       8
      14
      13
      11
      17
      17
      14
       8
       6
       7
      12
      12
       8
       9
       9
       8
      13
       9
      14
       9
       6
      13
      11
      11
       9
      12
       8
      12
      14
       4
       5
       8
      13
      10
      10
       3
       8
       8
       8
       8
      11
       6
      10
       9
       5
       9
      11
       5
       6
       8
       7
       2
       6
       7
       8
       5
       6
       9
       9
       4
       9
       5
       9
       4
       5
       8
       7
       9
       9
       6
       4
       4
      13
      13
      11
       5
       6
       2
       7
       2
       7
      10
       8
       9
       7
       7
       7
       5
       5
       7
       9
      11
       8
       4
       5
       6
       8
       7
       4
       8
       6
       6
       9
       6
       7
      12
      10
       9
       5
       8
       4
       6
       3
       6
       4
       6
       7
       8
       8
       7
       6
       6
      12
       8
       5
       7
       3
      10
       6
      10
      10
       8
      13
      12
       6
       6
       4
       7
       7
      12
       8
       3
       8
      10
       9
      11
      18
      12
       4
      10
      15
      12
      13
      12
      10
      16
      10
      11
       9
      14
      13
      12
      16
      20
      18
      11
       9
      10
      13
      19
      18
      15
      19
       8
      16
      15
       9
      32
      22
      18
      13
      23
      23
      23
      20
      22
      15
      20
      18
      23
      23
      18
      11
      24
      21
      23
      31
      26
      27
      30
      28
      27
      21
      27
      25
      25
      36
      33
      24
      41
      35
      36
      30
      30
      33
      30
      45
      37
      33
      32
      41
      37
      34
      30
      35
      44
      43
      32
      36
      26
      29
      35
      37
      38
      34
      31
      31
      44
      32
      32
      42
      37
      41
      36
      44
      38
      42
      46
      41
      43
      41
      32
      52
      44
      35
      36
      37
      31
      38
      34
      33
      36
      35
      39
      46
      33
      24
      40
      35
      29
      25
      44
      33
      39
      40
      33
      39
      32
      24
      31
      30
      22
      37
      31
      36
      32
      40
      34
      32
      15
      28
      29
      20
      25
      30
      24
      28
      27
      20
      28
      29
      27
      22
      26
      25
      24
      22
      24
      16
      20
      16
      23
      16
      21
      23
      21
      18
      15
      14
      19
      12
      12
      14
      13
      20
      15
      23
      15
      10
      16
      17
      12
      11
      12
       9
      13
      11
      16
      10
       6
      14
       7
       8
       6
      14
      14
       4
      12
      11
       8
       8
       5
       7
       3
       7
       9
       2
       8
       9
      12
       5
       8
       7
      11
       7
       6
      11
       5
       8
       6
       3
       4
       9
       7
       6
       6
       4
      10
       7
       3
       5
       5
       6
       5
       7
       2
       5
       3
       8
       4
       6
       4
       3
       6
       3
       1
       2
       5
       3
       6
       7
       4
       8
       5
       5
       2
       2
       6
       6
       4
       8
       3
       3
       4
       2
       2
       1
       1
       3
       5
       4
       5
       2
       3
       0
       2
       2
       4
       4
       2
       2
       2
       4
       4
       2
       0
       1
       4
       7
       2
       3
       4
       6
       4
       1
       3
       6
       3
       1
       4
       4
       2
       3
       2
       1
       2
       6
       1
       1
       4
       2
       2
       1
       1
       1
       0
       1
       2
       3
       7
       3
       0
       0
       2
       1
       3
       3
       3
       2
       8
       5
       2
       0
       3
       3
       3
       1
       3
       3
       2
       0
       1
       2
       3
       4
       1
       1
       1
       3
       0
       1
       2
       2
       3
       2
       2
       3
       1
       2
       2
       2
       3
       4
       1
       5
       2
       3
       0
       4
       3
       0
       1
       0
       1
       1
       1
       0
       1
       3
       0
       3
       0
       3
       1
       1
       1
       1
       4
       0
       3
       3
       3
       0
       2
       3
       2
       0
       0
       5
       2
       1
       5
       0
       0
       1
       4
       3
       4
       0
       2
       1
       2
       1
       3
       3
       0
       0
       1
       6
       1
       2
       3
       1
       1
       3
       1
       2
       5
       1
       1
       2
       1
       3
       2
       4
       2
       3
       4
       2
       0
       3
       2
       3
       2
       3
       1
       1
       4
       1
       5
       0
       3
       1
       1
       2
       2
       2
       2
       2
       1
       3
       2
       2
       0
       2
       2
       2
       1
       1
       4
       1
       1
       2
       1
       4
       1
       3
       2
       2
       0
       4
       2
       2
       0
       2
       3
       0
       1
       0
       6
       1
       3
       4
       3
       3
       1
       3
       4
       1
       1
       2
       1
       5
       3
       3
       0
       3
       1
       3
       1
       1
       1
       1
       6
       5
       1
       2
       2
       0
       1
       2
       1
       0
       6
       2
       2
       2
       3
       2
       1
       1
       4
       4
       2
       1
       7
       0
       2
       2
       1
       2
       3
       0
       2
       4
       2
       0
       0
       2
       3
       1
       2
       4
       1
       1
       1
       2
       7
       2
       0
       1
       0
       1
       1
       0
       4
       1
       1
       2
       3
       1
       0
       3
       1
       1
       6
       1
       2
       2
       2
       3
       0
       4
       1
       1
       3
       1
       0
       0
       2
       2
       4
       6
       0
       3
       2
       1
       1
       2
       1
       3
       4
       1
       4
       1
       2
       7
       2
       2
       3
       1
       1
       7
       7
       0
       3
       3
       3
       0
       1
       3
       0
       3
       1
       4
       3
       1
       7
       2
       4
       3
       2
       4
       4
       1
       0
       0
       2
       3
       2
       4
       1
       1
       1
       2
       0
       1
       0
       2
       5
       1
       6
       3
       3
       5
       3
       4
       3
       1
       5
       0
       3
       2
       0
       1
       3
       2
       1
       1
       1
       1
       0
       1
       2
       0
       2
       0
       0
       2
       2
       0
       3
       4
       3
       3
       2
       2
       2
       3
       3
       4
       1
       3
       6
       0
       2
       3
       0
       3
       3
       4
       4
       7
       4
       6
       0
       4
       1
       3
       6
       3
       2
       2
       2
       6
       0
       2
       3
       6
       3
       3
       3
       2
       5
       0
       3
       2
       5
       3
       2
       4
       2
       3
       1
       4
       4
       2
       1
       2
       4
       6
       3
       3
       1
       4
       3
       4
       0
       3
       6
       3
       0
       1
       4
       2
       2
       3
       2
       3
       2
       3
       2
       1
       5
       2
       1
       1
       0
       3
       1
       1
       1
       1
       4
       3
       2
       3
       2
       2
       7
       3
       3
       1
       2
       6
       1
       4
       2
       0
       4
       2
       2
       2
       2
       1
       3
       0
       4
       2
       1
       5
       0
       0
       1
       1
       2
       2
       7
       0
       3
       3
       3
       2
       2
       1
       1
       2
       2
       1
       3
       3
       4
       2
       3
       0
       5
       0
       2
       2
       1
       4
       3
       0
       3
       1
       2
       0
       1
       3
       1
       3
       3
       9
       1
       3
       3
       5
       1
       3
       3
       3
       4
       2
       0
       3
       3
       1
       5
       2
       1
       2
       3
       0
       1
       2
       4
       1
       3
       2
       3
       5
       0
       2
       1
       3
       2
       3
       4
       3
       2
       1
       3
       2
       6
       1
       1
       2
       0
       4
       0
       2
       4
       2
       2
       2
       1
       2
       3
       2
       1
       1
       0
       2
       1
       2
       5
       2
       1
       1
       2
       0
       2
       1
       5
       3
       3
       1
       0
       1
       1
       1
       4
       1
       2
       3
       3
       2
       1
       1
       3
       5
       0
       1
       1
       1
       4
       1
       0
       4
       2
       1
       2
       1
       1
       1
       1
       1
       2
       5
       1
       3
       2
       1
       0
       1
       2
       0
       1
       3
       4
       5
       0
       2
       1
       1
       1
       3
       1
       4
       3
       2
       0
       3
       0
       2
       3
       3
       0
       0
       2
       4
       0
       2
       2
       4
       1
       0
       3
       2
       0
       2
       1
       1
       3
       5
       2
       1
       5
       1
       1
       1
       2
       2
       5
       3
       0
       0
       5
       3
       2
       1
       2
       2
       1
       2
       3
       0
       2
       1
       0
       0
       0
       1
       1
       2
       1
       2
       1
       3
       1
       3
       2
       1
       0
       2
       0
       1
       2
       0
       2
       3
       0
       2
       3
       4
       2
       0
       1
       3
       2
       1
       1
       1
       0
       1
       0
       1
       2
       1
       2
       1
       2
       3
       3
       2
       0
       2
       1
       1
       1
       1
       0
       1
       1
       1
       0
       0
       3
       1
       2
       3
       0
       1
       3
       3
       3
       3
       3
       5
       2
       5
       1
       1
       1
       2
       3
       2
       3
       4
       2
       0
       0
       0
       0
       0
       0
       0
       0
       0
       0
       0
       0
       0
       0
       0
       0
       0
       0
       0
       0
       0
       0
       0
       0
       0
       0
       0
       0
       0
       0
       0
       0
       0
       0
$ROI:
4
420 583
812 1137
1163 1426
1440 1632
$PRESETS:
Real Time
120
0
$ENER_FIT:
51.257332 0.808399
$MCA_CAL:
3
5.125733E+001 8.083990E-001 0.000000E+000 keV
$SHAPE_CAL:
3
5.476517E+001 3.156971E-002 0.000000E+000
