$SPEC_ID:
No sample description was entered.
$SPEC_REM:
DET# 1
DETDESC# W8481130 Model 928 SN 14338159
AP# Maestro Version 7.01
$DATE_MEA:
05/05/2023 15:02:46
$MEAS_TIM:
99 100
$DATA:
0 2047
       0
       0
       0
       0
       0
       0
       0
       0
      38
      52
      30
      29
      19
      19
      22
      15
      22
      18
      24
      21
      21
      22
      27
      20
      23
      25
      19
      20
      21
      27
      19
      18
      24
      17
      24
      25
      20
      12
      21
      15
      15
      10
      10
      24
      18
      17
      12
      12
      24
      23
      24
      17
      13
      16
      21
      18
      17
      20
      24
      20
      25
      19
      23
      25
      16
      18
      17
      21
      27
      21
      16
      23
      27
      24
      30
      30
      33
      32
      35
      36
      45
      36
      33
      32
      34
      33
      34
      37
      39
      34
      42
      43
      48
      43
      51
      41
      43
      31
      36
      32
      34
      37
      28
      35
      37
      30
      33
      28
      30
      35
      29
      26
      28
      32
      29
      23
      31
      20
      26
      24
      31
      27
      24
      24
      27
      26
      25
      25
      22
      29
      28
      32
      25
      28
      35
      39
      25
      26
      33
      29
      32
      27
      33
      31
      28
      41
      37
      38
      36
      23
      33
      32
      36
      29
      28
      38
      42
      44
      41
      29
      31
      35
      38
      33
      25
      31
      35
      23
      36
      30
      25
      41
      35
      19
      37
      41
      41
      44
      39
      31
      29
      31
      35
      48
      34
      37
      26
      38
      42
      35
      41
      39
      28
      36
      31
      20
      29
      34
      27
      45
      28
      28
      45
      33
      35
      33
      30
      45
      37
      36
      36
      31
      36
      29
      31
      45
      34
      39
      37
      34
      32
      38
      32
      36
      37
      55
      26
      29
      39
      35
      36
      32
      37
      32
      32
      30
      24
      34
      33
      37
      31
      38
      41
      33
      31
      40
      35
      37
      28
      23
      38
      34
      32
      29
      24
      39
      37
      36
      37
      32
      32
      34
      36
      38
      43
      35
      21
      36
      33
      45
      36
      52
      36
      33
      39
      45
      33
      31
      34
      27
      37
      31
      40
      32
      33
      35
      25
      46
      29
      29
      32
      26
      31
      16
      31
      25
      32
      23
      29
      34
      35
      32
      30
      42
      29
      32
      31
      37
      34
      29
      39
      34
      28
      29
      26
      27
      31
      35
      25
      29
      34
      26
      27
      23
      33
      27
      28
      34
      37
      27
      18
      32
      26
      29
      32
      25
      28
      27
      33
      31
      22
      34
      23
      26
      32
      26
      32
      23
      24
      35
      26
      35
      24
      31
      23
      20
      36
      26
      21
      24
      32
      25
      26
      23
      26
      32
      22
      20
      21
      15
      27
      21
      23
      32
      31
      25
      26
      24
      22
      23
      21
      28
      28
      24
      28
      27
      25
      19
      21
      16
      23
      29
      28
      26
      21
      29
      25
      25
      22
      27
      21
      20
      20
      20
      23
      17
      28
      20
      20
      27
      25
      29
      20
      17
      22
      29
      14
      27
      26
      24
      19
      24
      14
      20
      32
      24
      25
      15
      25
      20
      16
      25
      18
      23
      24
      22
      19
      19
      18
      20
      23
      27
      28
      20
      23
      20
      24
      27
      23
      21
      25
      12
      15
      21
      19
      22
      24
      18
      23
      20
      19
      21
      15
      18
      14
      23
      18
      16
      25
      26
      18
      15
      19
      13
      23
      23
      17
      14
      24
      21
      18
      21
      25
      16
      11
      17
      27
      24
      20
      20
      21
      20
      15
      17
      18
      21
      20
      21
      15
      15
      21
      15
      14
      16
      15
      13
      18
      15
      26
      20
      10
      24
      21
      18
      15
      31
      24
      23
      21
      22
      19
      17
      13
      17
      15
      18
      24
      18
      19
      14
      17
      17
      13
      20
      15
      20
      23
      15
      26
      17
      18
      19
      14
      19
      25
      18
       9
      16
      20
      22
      15
      25
      23
      16
       8
      20
      21
      13
       8
      17
      14
      17
      10
      27
      12
      16
      13
      16
      24
      12
      16
      20
      16
      14
      19
      11
      13
      20
      19
      19
      16
      13
      22
      25
      18
      17
      18
      18
      18
      22
      14
      14
      20
      14
      16
      13
      20
      17
       9
      15
      20
      12
      22
      11
      15
      12
      13
      21
      13
      17
      15
      23
      18
       9
      21
      14
      17
      23
      15
      18
      13
      15
      20
      17
      12
      15
      20
      15
      19
      15
      14
      20
      17
      13
      18
      13
      18
       8
      19
      15
      15
      18
      17
      13
      15
      18
      12
      14
      17
      12
      14
      13
      18
      20
      17
      17
      15
      18
      14
      16
      20
      16
      17
      23
      17
      17
      16
      16
      18
      21
      10
      13
      14
      19
      18
       9
      18
      14
      13
      18
      19
      14
      22
      16
      11
      20
      19
      14
      20
      16
      13
      15
      19
       9
      11
      11
      15
      21
      14
       9
      10
      20
      14
      15
      13
      13
      12
      11
      12
       9
      18
      17
      13
      15
      12
       9
      18
      11
      17
       9
      17
      16
       9
      13
      10
       8
      13
      14
      10
       7
      10
      19
      14
      11
      13
      15
      11
      19
      15
      10
      14
      13
       7
       7
      14
       8
      10
      20
      13
      15
      11
      11
      18
       7
      17
      14
      15
      18
      10
      11
       9
      19
      21
      14
       9
      20
      13
       6
      11
      14
      10
       5
      12
       4
      14
      10
      15
       7
       6
      12
      10
      13
      16
      13
      15
      12
       8
      12
       7
      16
      11
      15
       7
       8
       8
      12
       9
       6
      11
       9
      10
      11
       9
      13
       8
      10
       9
       5
      10
      11
       3
      13
      12
      10
       9
       4
       7
      13
      14
      11
      14
       6
      12
       2
       8
       8
       6
       9
       3
       8
       3
       7
       6
      11
       8
      12
       5
      11
      12
      12
       7
       6
       8
       8
      11
       8
      12
      12
      13
       9
      12
      10
       8
       6
       8
       9
       7
      11
      10
       5
       9
       8
       8
       9
      10
      10
       7
       4
       6
      10
      10
       2
       5
      13
       8
      10
      10
       5
       5
       6
      11
      16
       7
      11
      11
       6
       9
       4
       5
       7
       9
       8
      10
       9
       6
       8
      15
      10
      11
       9
      11
      15
       9
      14
      11
       6
       7
      12
      11
       8
      14
       8
       9
      18
       8
      12
       7
       4
      15
      20
      14
      16
      18
      10
       8
      17
      14
      15
      19
      12
      17
      12
      11
      17
      10
      17
      14
      14
      18
      16
      17
      18
      14
      15
      12
      17
      15
      27
      16
      17
      23
      29
      21
       9
      15
      18
      28
      16
      21
      20
      25
      21
      22
      26
      16
      29
      26
      19
      19
      23
      27
      21
      35
      22
      19
      26
      23
      22
      22
      21
      24
      36
      39
      19
      32
      24
      26
      28
      27
      21
      18
      35
      26
      35
      37
      34
      26
      33
      33
      33
      29
      25
      20
      21
      22
      24
      30
      29
      27
      29
      23
      26
      27
      24
      28
      29
      28
      26
      17
      27
      30
      24
      25
      28
      17
      27
      27
      24
      31
      26
      25
      27
      26
      26
      27
      22
      24
      16
      17
      15
      23
      20
      20
      22
      16
      20
      25
      24
      21
      15
      19
      21
      12
      14
      14
       9
      21
      12
      14
      14
      17
      14
       9
      18
      14
      17
      12
      15
      12
      14
      13
       4
      16
      17
      13
       9
      13
      16
       5
      15
       6
      14
       7
       9
       7
       9
       9
       6
       5
      10
       5
       8
      10
       4
      10
       7
       8
       7
       9
       7
      11
      15
       5
       4
       7
      10
       5
      10
       9
       3
       7
      16
       1
       4
       6
       6
       5
       7
       8
       7
       8
       2
      12
       8
       3
      15
       6
       3
      10
       4
       6
       9
       8
       3
       5
       9
       5
       6
       9
      13
       3
       5
       6
      13
      10
       6
       7
      10
       9
       5
       3
       9
       7
       5
       7
       4
       4
       7
       6
       7
       6
       8
      11
       7
      10
      12
      11
       8
       8
       4
      15
      10
       8
       9
       7
      10
       5
       7
      12
      12
      13
       9
      12
       5
       6
       8
       8
       2
       9
       8
       8
      11
       6
       7
      12
      11
       4
      10
      10
       7
       9
       7
      10
       8
       2
       7
      10
       5
       6
      10
       5
      12
       8
       7
       7
       8
      12
       4
       7
       9
       5
       6
      11
       7
      10
       3
       6
       6
       8
       7
       8
      12
       7
      12
      10
      11
       8
       5
       7
      12
       9
       7
       6
       5
       3
       8
       5
       3
       4
       7
       4
       3
       7
       6
       7
       8
       7
       6
       4
       8
       5
       4
       6
       8
       4
       1
       8
       8
       4
       7
       1
       4
       3
       4
       5
       4
       2
       3
       6
       6
       2
       6
       4
       1
       1
       3
       2
       2
       5
       3
       2
       3
       0
       3
       2
       4
       3
       4
       2
       2
       3
       1
       3
       5
       4
       1
       2
       1
       5
       0
       0
       2
       3
       4
       0
       5
       0
       1
       1
       3
       0
       3
       6
       2
       1
       2
       1
       1
       0
       1
       1
       0
       1
       3
       2
       1
       4
       0
       0
       2
       1
       1
       0
       1
       3
       2
       0
       2
       2
       2
       1
       0
       2
       1
       0
       1
       1
       1
       1
       0
       3
       0
       2
       3
       3
       2
       2
       0
       1
       0
       2
       1
       0
       0
       0
       0
       2
       1
       0
       0
       0
       1
       2
       1
       0
       0
       0
       2
       2
       1
       0
       0
       1
       0
       0
       0
       0
       1
       2
       1
       1
       0
       1
       1
       3
       1
       2
       1
       1
       1
       0
       2
       1
       1
       1
       0
       1
       1
       0
       1
       1
       0
       0
       1
       2
       0
       0
       1
       0
       0
       0
       0
       0
       0
       2
       0
       0
       1
       0
       0
       0
       1
       2
       1
       0
       0
       0
       0
       1
       0
       1
       1
       1
       1
       2
       0
       1
       0
       0
       0
       2
       0
       0
       0
       0
       0
       0
       0
       1
       0
       1
       0
       1
       0
       0
       0
       1
       1
       1
       0
       1
       0
       0
       1
       0
       1
       0
       1
       0
       1
       1
       0
       0
       0
       1
       0
       0
       0
       0
       1
       2
       1
       0
       1
       0
       1
       0
       0
       1
       1
       0
       0
       1
       1
       1
       3
       0
       1
       1
       1
       0
       0
       0
       0
       0
       1
       0
       0
       0
       0
       2
       0
       1
       1
       0
       0
       2
       0
       0
       1
       1
       0
       2
       0
       2
       0
       2
       0
       2
       0
       0
       0
       1
       1
       1
       0
       0
       0
       0
       1
       0
       1
       0
       1
       1
       0
       0
       0
       0
       1
       0
       0
       1
       0
       0
       2
       2
       1
       1
       0
       0
       0
       0
       0
       1
       0
       0
       0
       1
       1
       1
       1
       1
       1
       0
       1
       0
       0
       1
       0
       0
       0
       0
       1
       0
       0
       2
       1
       2
       2
       1
       0
       1
       1
       2
       1
       0
       0
       0
       0
       0
       0
       0
       0
       2
       0
       1
       0
       0
       2
       1
       0
       2
       0
       0
       1
       0
       1
       1
       1
       3
       1
       2
       0
       0
       1
       0
       0
       1
       0
       0
       0
       2
       1
       2
       2
       0
       1
       0
       0
       0
       0
       0
       1
       0
       1
       1
       1
       1
       0
       1
       1
       0
       0
       0
       1
       2
       0
       0
       0
       0
       1
       0
       0
       0
       0
       2
       1
       1
       2
       0
       0
       0
       1
       1
       0
       0
       0
       1
       0
       0
       1
       0
       1
       0
       0
       2
       0
       2
       0
       3
       0
       1
       0
       0
       2
       0
       1
       0
       1
       0
       1
       1
       0
       0
       1
       0
       0
       1
       0
       0
       1
       1
       0
       1
       0
       0
       1
       1
       1
       1
       2
       0
       0
       0
       0
       0
       2
       0
       1
       1
       0
       0
       0
       0
       4
       0
       3
       1
       1
       1
       0
       0
       0
       1
       0
       1
       1
       0
       1
       0
       0
       1
       0
       1
       1
       0
       0
       3
       1
       0
       1
       0
       1
       0
       1
       0
       0
       1
       0
       1
       0
       0
       1
       0
       0
       0
       0
       0
       1
       1
       0
       1
       1
       1
       0
       0
       0
       1
       1
       0
       1
       0
       0
       0
       0
       0
       0
       0
       0
       1
       1
       0
       0
       0
       0
       0
       0
       1
       1
       0
       0
       1
       1
       0
       0
       0
       0
       0
       0
       0
       1
       0
       0
       0
       0
       0
       0
       0
       0
       0
       0
       1
       0
       0
       0
       0
       0
       1
       0
       0
       1
       0
       0
       0
       0
       1
       1
       0
       2
       1
       0
       0
       0
       0
       0
       0
       0
       1
       1
       0
       0
       0
       0
       1
       0
       0
       0
       0
       0
       0
       0
       1
       0
       0
       0
       0
       2
       0
       0
       1
       0
       0
       1
       2
       1
       0
       0
       1
       0
       1
       0
       0
       0
       0
       0
       0
       0
       0
       0
       0
       0
       1
       1
       0
       0
       1
       1
       1
       0
       0
       1
       0
       0
       0
       0
       1
       0
       0
       0
       0
       0
       0
       0
       0
       0
       0
       1
       0
       0
       0
       0
       1
       1
       1
       0
       0
       0
       0
       0
       0
       0
       0
       0
       0
       0
       1
       0
       0
       0
       0
       0
       0
       1
       2
       0
       0
       0
       0
       0
       1
       1
       1
       0
       0
       0
       0
       1
       0
       0
       0
       0
       0
       0
       0
       1
       0
       0
       0
       0
       0
       0
       0
       0
       0
       0
       0
       0
       0
       1
       0
       2
       1
       1
       1
       0
       0
       0
       0
       0
       0
       0
       0
       0
       0
       0
       0
       0
       0
       0
       0
       0
       0
       0
       0
       0
       0
       0
       0
       0
       0
       0
       0
       0
       0
       0
       0
       0
$ROI:
0
$PRESETS:
Real Time
100
0
$ENER_FIT:
51.257332 0.808399
$MCA_CAL:
3
5.125733E+001 8.083990E-001 0.000000E+000 keV
$SHAPE_CAL:
3
5.476517E+001 3.156971E-002 0.000000E+000
