$SPEC_ID:
No sample description was entered.
$SPEC_REM:
DET# 1
DETDESC# W8481130 Model 928 SN 14338159
AP# Maestro Version 7.01
$DATE_MEA:
05/05/2023 12:26:50
$MEAS_TIM:
44 45
$DATA:
0 2047
       0
       0
       0
       0
       0
       0
       0
       0
      14
      25
      15
      12
      11
       5
       4
       2
       4
       6
       3
       4
       3
       3
       4
       2
       2
       4
       1
       1
       4
       1
       0
       3
       1
       2
       0
       1
       1
       0
       4
       3
       2
       4
       3
       2
       2
       1
       3
       5
       5
       2
       2
       2
       2
       4
       6
       1
       4
       3
       0
       1
       3
       0
       6
       3
       1
       2
       5
       7
       3
       2
       3
       2
       6
       2
       3
       7
       3
       5
      10
       2
       4
       3
       3
       6
       4
       3
       5
      10
       6
       6
       3
       4
       2
       7
       3
       5
       4
       2
       5
       4
       4
       3
       2
       2
       5
       6
       2
       4
       2
       6
       4
       4
       2
       2
       2
       4
       3
       0
       9
       0
       3
       6
       6
       3
       3
       2
       3
       1
       4
       4
       2
       1
       4
       3
       0
       5
       2
       3
       0
       1
       1
       5
       4
       2
       3
       2
       7
       3
       1
       4
       6
       3
       3
       4
       9
       4
       7
       3
       0
       2
       3
       4
       5
       4
       3
       2
       1
       2
       2
       2
       6
       1
       1
       4
       2
       1
       0
       0
       5
       2
       6
       3
       2
       1
       2
       1
       2
       3
       3
       2
       3
       6
       3
       4
       3
       4
       4
       3
       2
       2
       3
       2
       4
       2
       2
       4
       1
       4
       1
       4
       2
       4
       5
       1
       4
       6
       5
       1
       3
       0
       1
       2
       3
       4
       2
       5
       4
       3
       6
      10
       6
       3
       1
       2
       1
       3
       3
       5
       1
       7
       2
       5
       4
       5
       4
       5
       3
       2
       4
       3
       3
       1
       4
       4
       4
       4
       2
       0
       3
       4
       4
       4
       3
       3
       3
       3
       4
       6
       3
       2
       0
       5
       6
       7
       2
       5
       5
       8
       5
       2
       5
       4
       1
       2
       3
       3
       2
       1
       5
       4
       4
       1
       2
       1
       3
       0
       4
       7
       4
       1
       7
       5
       4
       1
       3
       4
       1
       2
       6
       3
       4
       1
       5
       6
       2
       6
       5
       1
       3
       4
       4
       2
       1
       2
       7
       4
       1
       2
       2
       1
       3
       3
       1
       3
       2
       3
       3
       2
       2
       0
       3
       2
       3
       2
       2
       4
       4
       4
       5
       3
       4
       6
       3
       5
       2
       3
       5
       1
       1
       3
       3
       3
       1
       3
       3
       4
       2
       4
       1
       3
       3
       1
       1
       2
       5
       2
       4
       0
       1
       4
       2
       1
       2
       4
       4
       2
       3
       1
       2
       2
       4
       4
       1
       7
       1
       4
       4
       2
       3
       2
       2
       3
       1
       1
       1
       3
       2
       2
       2
       3
       4
       2
       3
       2
       3
       5
       1
       1
       0
       1
       2
       3
       4
       2
       0
       4
       2
       2
       0
       1
       4
       1
       6
       3
       1
       2
       2
       4
       3
       2
       1
       3
       3
       2
       1
       2
       4
       3
       3
       1
       2
       3
       3
       3
       4
       0
       2
       2
       2
       2
       3
       0
       1
       2
       5
       3
       0
       4
       0
       2
       3
       2
       3
       2
       1
       1
       3
       1
       0
       3
       0
       2
       2
       1
       1
       1
       5
       1
       3
       2
       2
       2
       3
       0
       3
       1
       1
       3
       2
       0
       3
       3
       1
       2
       3
       3
       0
       3
       5
       3
       5
       6
       2
       2
       0
       0
       2
       2
       3
       5
       5
       0
       2
       1
       3
       2
       5
       0
       0
       1
       1
       3
       1
       4
       0
       2
       1
       3
       2
       3
       2
       1
       2
       6
       7
       1
       1
       3
       1
       2
       2
       1
       1
       4
       4
       0
       1
       2
       1
       1
       1
       2
       0
       2
       3
       2
       0
       2
       4
       0
       4
       2
       2
       2
       0
       2
       4
       0
       2
       2
       2
       2
       3
       1
       2
       2
       2
       3
       3
       4
       5
       3
       1
       3
       3
       1
       1
       4
       1
       0
       4
       1
       2
       3
       2
       4
       0
       1
       2
       3
       1
       3
       3
       2
       0
       1
       3
       6
       2
       3
       3
       0
       5
       4
       2
       4
       1
       3
       1
       4
       4
       1
       1
       8
       1
       2
       5
       4
       3
       1
       0
       2
       3
       3
       3
       1
       1
       2
       1
       1
       5
       1
       2
       1
       3
       0
       5
       2
       4
       2
       1
       4
       1
       0
       1
       1
       1
       4
       3
       2
       3
       4
       2
       0
       2
       2
       3
       1
       1
       1
       0
       2
       1
       1
       3
       2
       3
       1
       2
       2
       2
       2
       1
       4
       2
       1
       3
       2
       5
       2
       1
       1
       0
       0
       2
       0
       2
       0
       1
       3
       1
       0
       2
       0
       1
       2
       3
       4
       2
       2
       0
       2
       1
       3
       5
       2
       2
       3
       0
       1
       2
       0
       1
       2
       0
       0
       1
       5
       1
       1
       2
       1
       3
       3
       0
       2
       3
       0
       1
       3
       0
       5
       0
       2
       1
       1
       1
       2
       1
       6
       1
       1
       1
       0
       0
       1
       3
       0
       1
       3
       0
       3
       3
       3
       1
       2
       2
       2
       2
       1
       0
       2
       3
       1
       0
       0
       1
       0
       1
       2
       0
       1
       1
       1
       3
       1
       2
       1
       1
       0
       0
       1
       0
       1
       1
       2
       3
       2
       2
       1
       1
       0
       2
       1
       0
       1
       1
       1
       2
       0
       3
       1
       0
       0
       3
       0
       1
       1
       2
       0
       5
       0
       0
       2
       0
       1
       0
       2
       0
       0
       0
       0
       1
       1
       3
       1
       1
       3
       0
       0
       2
       0
       1
       1
       1
       1
       1
       0
       1
       0
       0
       1
       0
       1
       2
       1
       0
       0
       2
       0
       1
       1
       2
       2
       1
       2
       1
       2
       2
       2
       1
       2
       3
       2
       0
       0
       2
       0
       1
       2
       2
       2
       1
       0
       0
       3
       3
       0
       0
       3
       3
       1
       1
       5
       3
       0
       0
       4
       2
       0
       0
       1
       0
       3
       3
       2
       1
       1
       1
       2
       2
       1
       0
       1
       3
       4
       2
       4
       1
       2
       1
       0
       1
       2
       1
       2
       0
       1
       2
       4
       1
       1
       3
       1
       1
       4
       2
       2
       4
       1
       1
       1
       5
       4
       2
       3
       1
       2
       1
       3
       1
       1
       1
       1
       3
       2
       1
       2
       3
       2
       2
       1
       3
       3
       2
       2
       2
       4
       2
       3
       2
       1
       1
       2
       2
       1
       4
       1
       2
       3
       2
       2
       2
       1
       7
       3
       1
       4
       6
       1
       2
       4
       6
       6
       2
       3
       0
       3
       1
       0
       5
       6
       3
       3
       3
       2
       4
       3
       3
       1
       2
       1
       1
       3
       1
       3
       3
       0
       4
       4
       3
       5
       3
       5
       1
       3
       3
       4
       4
       4
       2
       1
       3
       1
       2
       3
       4
       2
       3
       3
       2
       1
       3
       1
       2
       2
       4
       4
       4
       5
       0
       1
       3
       3
       1
       2
       3
       2
       1
       2
       0
       2
       6
       2
       1
       2
       2
       1
       1
       2
       4
       0
       0
       2
       1
       0
       3
       2
       3
       1
       1
       1
       0
       1
       0
       3
       0
       1
       0
       1
       1
       1
       3
       2
       2
       1
       1
       4
       1
       3
       0
       1
       3
       0
       2
       1
       0
       1
       3
       0
       0
       0
       1
       3
       1
       4
       2
       0
       1
       1
       0
       1
       2
       1
       1
       1
       1
       1
       0
       0
       1
       1
       2
       0
       2
       1
       0
       0
       1
       2
       1
       0
       3
       1
       2
       2
       1
       0
       0
       0
       1
       1
       2
       0
       1
       1
       0
       2
       1
       3
       0
       2
       1
       0
       1
       1
       0
       3
       0
       0
       3
       2
       1
       1
       2
       4
       4
       1
       2
       1
       3
       1
       0
       0
       2
       2
       2
       1
       3
       3
       2
       2
       1
       0
       1
       1
       0
       0
       3
       0
       1
       1
       1
       0
       1
       2
       2
       2
       2
       1
       0
       0
       2
       1
       1
       0
       1
       1
       2
       1
       1
       0
       0
       2
       0
       1
       1
       1
       1
       0
       1
       3
       0
       0
       2
       1
       2
       0
       1
       0
       1
       0
       3
       2
       1
       0
       0
       0
       0
       0
       3
       1
       2
       2
       2
       0
       1
       1
       1
       0
       0
       1
       3
       1
       1
       1
       4
       1
       3
       3
       1
       0
       0
       1
       1
       1
       2
       3
       5
       0
       1
       0
       0
       1
       2
       0
       3
       0
       1
       1
       0
       0
       1
       2
       0
       1
       1
       1
       1
       1
       2
       2
       0
       1
       1
       2
       4
       0
       0
       3
       1
       0
       0
       2
       0
       0
       0
       1
       0
       1
       1
       1
       2
       3
       3
       2
       1
       2
       2
       1
       2
       0
       2
       0
       1
       2
       1
       0
       2
       0
       1
       2
       0
       2
       1
       1
       0
       0
       2
       2
       0
       0
       2
       2
       2
       3
       0
       0
       0
       3
       0
       2
       1
       2
       1
       0
       0
       1
       2
       0
       2
       2
       0
       0
       0
       0
       5
       0
       1
       2
       0
       0
       2
       1
       0
       1
       1
       2
       2
       1
       0
       1
       0
       0
       1
       0
       0
       1
       3
       2
       1
       1
       2
       1
       1
       1
       1
       0
       2
       0
       1
       1
       0
       0
       1
       1
       2
       1
       0
       1
       0
       2
       1
       1
       1
       1
       0
       0
       0
       2
       0
       1
       0
       1
       3
       1
       0
       1
       0
       1
       0
       1
       1
       1
       1
       1
       2
       0
       0
       2
       1
       1
       0
       2
       2
       1
       3
       2
       0
       0
       2
       1
       1
       0
       1
       0
       0
       1
       2
       0
       0
       0
       0
       0
       2
       2
       1
       0
       1
       0
       3
       0
       1
       0
       0
       1
       2
       1
       1
       0
       1
       0
       0
       0
       0
       2
       1
       0
       1
       1
       0
       2
       1
       1
       1
       1
       1
       2
       1
       1
       0
       1
       2
       0
       1
       1
       2
       3
       2
       0
       1
       1
       1
       0
       0
       1
       1
       1
       1
       2
       3
       1
       1
       0
       1
       1
       1
       1
       0
       1
       2
       3
       3
       0
       0
       0
       0
       2
       2
       3
       4
       2
       0
       0
       2
       2
       0
       0
       3
       0
       1
       1
       1
       1
       2
       3
       0
       3
       0
       1
       1
       4
       5
       1
       2
       1
       2
       1
       0
       2
       2
       1
       5
       3
       2
       1
       4
       0
       2
       0
       3
       2
       1
       1
       0
       3
       3
       2
       0
       1
       1
       0
       1
       2
       1
       0
       0
       1
       1
       2
       3
       2
       0
       0
       4
       1
       0
       2
       0
       3
       1
       0
       1
       0
       2
       1
       1
       1
       2
       1
       0
       2
       2
       1
       0
       1
       0
       1
       2
       0
       2
       2
       1
       1
       2
       3
       0
       0
       1
       0
       0
       2
       1
       1
       0
       1
       3
       1
       1
       1
       1
       1
       0
       2
       4
       1
       1
       2
       0
       1
       0
       2
       3
       1
       2
       1
       0
       2
       1
       0
       1
       1
       1
       1
       0
       0
       0
       2
       2
       2
       0
       3
       4
       2
       1
       0
       3
       0
       1
       2
       1
       0
       4
       1
       2
       2
       1
       1
       0
       1
       2
       3
       0
       5
       2
       1
       2
       2
       1
       2
       2
       0
       1
       2
       0
       0
       1
       1
       1
       3
       3
       1
       1
       4
       1
       4
       2
       0
       1
       0
       1
       2
       2
       1
       3
       0
       1
       0
       3
       2
       1
       0
       0
       0
       1
       0
       2
       0
       1
       0
       0
       2
       1
       0
       0
       1
       1
       0
       0
       0
       3
       0
       3
       0
       1
       1
       2
       2
       0
       2
       1
       1
       1
       0
       0
       1
       0
       0
       1
       3
       0
       0
       2
       1
       0
       0
       0
       1
       2
       1
       1
       1
       0
       0
       0
       1
       2
       0
       0
       1
       0
       0
       0
       0
       2
       1
       1
       1
       1
       0
       0
       1
       0
       2
       0
       1
       0
       1
       0
       0
       1
       1
       0
       1
       3
       0
       0
       1
       1
       1
       1
       0
       0
       0
       1
       0
       1
       0
       0
       0
       2
       1
       0
       2
       1
       0
       0
       0
       0
       0
       0
       0
       0
       0
       1
       0
       1
       1
       0
       2
       0
       0
       1
       0
       0
       0
       0
       0
       1
       0
       0
       0
       0
       0
       2
       0
       0
       0
       1
       0
       2
       0
       0
       0
       1
       2
       2
       0
       0
       0
       0
       1
       1
       4
       0
       0
       0
       0
       1
       0
       0
       1
       0
       0
       2
       1
       3
       0
       3
       0
       1
       0
       1
       1
       1
       0
       0
       1
       1
       2
       1
       1
       0
       0
       3
       0
       2
       1
       0
       0
       0
       0
       0
       2
       1
       1
       0
       0
       1
       2
       1
       0
       0
       0
       1
       1
       0
       0
       0
       2
       2
       1
       0
       0
       3
       1
       0
       1
       0
       1
       2
       0
       1
       1
       1
       3
       1
       1
       0
       1
       2
       1
       1
       2
       1
       3
       0
       0
       0
       1
       1
       1
       4
       2
       6
       2
       4
       2
       1
       0
       0
       2
       0
       2
       1
       1
       0
       0
       0
       0
       0
       0
       0
       0
       0
       0
       0
       0
       0
       0
       0
       0
       0
       0
       0
       0
       0
       0
       0
       0
       0
       0
       0
       0
       0
       0
       0
       0
$ROI:
2
0 41
1490 1717
$PRESETS:
Real Time
45
0
$ENER_FIT:
51.257332 0.808399
$MCA_CAL:
3
5.125733E+001 8.083990E-001 0.000000E+000 keV
$SHAPE_CAL:
3
5.476517E+001 3.156971E-002 0.000000E+000
