$SPEC_ID:
No sample description was entered.
$SPEC_REM:
DET# 1
DETDESC# W8481130 Model 928 SN 14338159
AP# Maestro Version 7.01
$DATE_MEA:
05/05/2023 14:40:25
$MEAS_TIM:
44 45
$DATA:
0 2047
       0
       0
       0
       0
       0
       0
       0
       0
      24
      59
      30
      17
      14
      14
      12
       8
       5
       7
       6
       5
       4
       4
       5
       4
       4
       4
       6
       6
       6
       6
      10
       4
       3
       3
       4
       0
       8
       1
       2
       2
       3
       8
       4
       4
       4
       6
       1
       1
       5
       3
       3
       4
       2
       4
       5
       3
       2
       3
       6
       6
       4
       4
       3
       3
       1
       3
       3
       1
       5
       2
       6
       9
       6
       1
       6
       8
       5
       7
       2
       3
       4
       9
       8
       6
       8
      10
       3
       6
       8
       8
       6
       7
       7
       8
       4
       4
       6
       4
       5
       2
      11
       9
       9
       5
       8
       4
       7
       5
       3
       5
       3
       4
       2
       5
       6
       4
       4
       1
       6
       4
       4
       6
       4
       3
       4
       2
       1
       3
       8
       1
       7
      10
       7
       4
       2
       2
       6
       6
       3
       2
       2
       7
       4
       6
       4
       5
       6
       6
       5
       6
       3
       7
       8
       4
       6
       4
       3
       6
       0
       5
       6
       7
       5
       2
       2
       7
       6
       5
       7
       4
       4
       3
       3
       6
      10
       3
       6
       2
       1
       9
       7
       3
       3
       5
       5
       9
       7
       6
       8
       6
       7
       6
       8
       6
      10
       1
       4
       3
       6
       4
       4
      12
       3
      10
       5
       4
       3
       5
       7
       7
       2
       6
       4
       6
       4
       5
      10
       9
       6
       4
       6
      11
       5
       3
       5
       4
       4
       6
       5
       8
       0
       7
       2
       4
       7
       5
      10
       3
       7
       4
       6
       4
       7
       6
       5
       2
       5
       2
       5
       5
      11
       5
       6
       5
       6
       5
       2
       1
       5
       5
       5
       5
       6
       8
       7
       7
       5
       2
       4
       3
       1
      10
       3
      10
       4
       7
       3
       5
       7
       5
      11
       3
       4
       6
       6
       5
       1
       6
       5
       3
       6
       3
       6
       7
       4
       5
       8
       3
      10
       5
       7
       8
       3
      10
       3
       3
       4
       2
       9
       8
       9
       9
       2
       1
       5
       4
       6
       8
       4
       5
       3
       2
       4
       9
       2
       6
       6
       2
       8
       5
       2
      10
       9
       7
       4
       3
       6
       5
       6
       5
       7
       5
       6
       7
       5
       4
       4
       1
       3
       6
       7
       4
       4
       1
       5
       3
       5
      10
       4
       3
       4
       5
       6
       2
       5
       3
       4
       6
       3
       6
       3
       4
       7
       3
       4
       7
       2
       5
       4
       3
       3
       4
       4
       4
      12
       3
       2
       0
       4
       5
       5
       8
       6
       6
       3
       4
       5
       5
       3
       7
       4
       6
       3
       4
       2
       5
       6
       6
       2
       6
       6
       3
       7
       5
       3
       3
       4
       4
       6
       5
       2
       4
       3
       6
       6
       6
       7
       2
       6
       6
       2
       1
       1
       4
       5
       4
       4
      10
       1
       6
       5
       4
       3
       9
       1
       2
       5
       4
       3
       2
       5
       1
       3
       6
       4
       4
       3
       3
       2
       5
       6
       6
       6
       5
       4
       4
       1
       5
       2
       3
       3
       4
       6
       1
       8
       4
       1
       6
       4
       3
       4
       7
       2
       1
       5
       2
       6
       2
       2
       8
       2
       4
       6
       3
       8
       6
       1
       2
       2
       6
       1
       1
       2
       0
       3
       2
       2
       1
       7
       5
       7
       6
       4
       5
       2
       2
       2
       3
       0
       6
       3
       7
       2
       7
       3
       3
       4
       4
       4
       2
       6
       3
       4
       4
       4
       6
       3
       4
       6
       4
       2
       2
       4
       8
       1
       4
       3
       6
       3
       0
       3
       3
       3
       2
       2
       2
       3
       4
       5
       2
       2
       2
       0
       5
       6
       5
       4
       4
       0
       1
       3
       2
       1
       1
       3
       4
       3
       7
       3
       5
       4
       4
       3
       2
       4
       2
       2
       3
       1
       4
       3
       3
       4
       5
       2
       3
       5
       2
       4
       3
       0
       6
       6
       0
       3
       4
       2
       0
       8
       4
       5
       3
       3
       1
       4
       7
       5
       4
       7
       5
       3
       1
       4
       2
       4
       1
       2
       5
       2
       1
       3
       2
       3
       3
       5
       3
       3
       7
       2
       4
       7
       5
       3
       1
       1
       4
       3
       3
       3
       5
       4
       1
       3
       4
       3
       7
       3
       2
       3
       1
       3
       6
       6
       2
       3
       2
       5
       2
       2
       1
       4
       9
       3
       3
       3
       0
       7
       4
       4
       3
       4
       2
       1
       4
       4
       0
       1
       6
       2
       2
       3
       4
       2
       0
       3
       6
       3
       1
       4
       4
       3
       3
       3
       0
       3
       1
       5
       2
       2
       2
       0
       3
       0
       6
       1
       3
       4
       4
       5
       4
       1
       2
       8
       2
       5
       2
       1
       2
       2
       4
       2
       2
       1
       4
       2
       2
       0
       3
       1
       0
       5
       2
       1
       0
       2
       2
       4
       3
       0
       1
       5
       1
       2
       2
       5
       2
       5
       1
       2
       0
       2
       2
       3
       1
       2
       6
       3
       2
       5
       0
       3
       1
       0
       2
       4
       1
       1
       3
       1
       3
       4
       1
       2
       3
       1
       1
       1
       3
       2
       2
       2
       0
       3
       2
       1
       3
       1
       2
       3
       3
       3
       2
       2
       2
       3
       5
       3
       4
       4
       3
       2
       3
       1
       0
       1
       4
       1
       5
       2
       2
       2
       2
       2
       0
       2
       0
       2
       1
       3
       1
       0
       2
       5
       0
       3
       1
       3
       0
       0
       1
       2
       0
       5
       1
       2
       0
       3
       2
       2
       5
       5
       1
       0
       2
       4
       3
       4
       4
       3
       1
       6
       1
       4
       2
       3
       5
       3
       2
       0
       0
       1
       0
       2
       3
       1
       4
       3
       1
       2
       1
       2
      10
       0
       2
       1
       5
       0
       4
       2
       4
       0
       0
       2
       1
       4
       3
       2
       4
       1
       2
       3
       4
       1
       3
       5
       3
       8
       0
       3
       2
       1
       1
       5
       2
       3
       2
       4
       1
       5
       2
       2
       5
       1
       2
       2
       4
       1
       3
       1
       2
       1
       3
       2
       4
       1
       1
       2
       2
       4
       3
       3
       2
       1
       2
       6
       2
       2
       5
       4
       3
       3
       7
       3
       4
       5
       1
       4
       5
       4
       3
       5
       7
       3
       4
       8
       3
       4
       7
       7
       5
       5
       2
       2
       2
       4
       5
       3
       4
       6
       1
       2
       5
       2
       6
       5
       4
       9
       5
       6
       6
       9
       2
       5
       1
       4
       7
       8
       5
       7
       2
       7
       5
       4
       5
       8
       6
       5
       3
       5
       2
       7
       4
       5
       3
       5
       5
       9
       1
       4
       2
       8
       6
       3
       6
       3
       4
       4
       6
       9
       2
       3
       1
       2
       6
       4
       3
       7
       5
       2
       8
       6
       5
       2
       7
       5
       7
       5
       4
       5
       1
       5
       2
       3
       5
       4
       6
       3
       5
       4
       2
       1
       5
       3
       3
       3
       1
       5
       7
       2
       4
       3
       1
       1
       1
       5
       1
       4
       2
       2
       2
       2
       2
       5
       7
       2
       5
       0
       2
       1
       3
       4
       4
       0
       2
       5
       3
       2
       3
       2
       5
       2
       2
       2
       2
       2
       3
       0
       5
       0
       3
       4
       1
       3
       4
       3
       0
       0
       1
       1
       1
       2
       3
       5
       3
       3
       1
       2
       1
       4
       0
       2
       2
       2
       4
       1
       2
       3
       2
       2
       0
       2
       0
       3
       4
       3
       7
       0
       0
       1
       2
       3
       0
       5
       1
       1
       1
       2
       3
       4
       1
       2
       1
       1
       0
       3
       2
       1
       2
       2
       2
       4
       5
       1
       1
       6
       7
       2
       4
       5
       4
       0
       1
       2
       3
       2
       3
       1
       1
       3
       4
       1
       3
       3
       3
       2
       2
       1
       1
       4
       4
       5
       3
       0
       6
       0
       0
       1
       1
       3
       2
       4
       1
       5
       4
       1
       1
       2
       0
       1
       3
       2
       1
       3
       3
       3
       2
       3
       3
       0
       1
       3
       2
       2
       2
       3
       0
       4
       2
       4
       0
       0
       1
       2
       3
       4
       1
       3
       4
       2
       4
       2
       1
       2
       4
       2
       4
       2
       1
       3
       5
       5
       3
       0
       1
       3
       2
       2
       1
       2
       1
       2
       0
       1
       0
       3
       2
       1
       0
       2
       0
       2
       1
       1
       2
       2
       1
       0
       2
       2
       1
       2
       5
       2
       2
       2
       0
       1
       2
       0
       1
       2
       2
       2
       0
       1
       2
       0
       4
       2
       0
       1
       1
       1
       1
       1
       2
       2
       2
       2
       4
       4
       2
       3
       1
       2
       1
       1
       3
       3
       1
       2
       3
       0
       3
       1
       2
       2
       0
       2
       1
       3
       0
       2
       2
       1
       2
       2
       2
       1
       2
       1
       1
       2
       2
       0
       1
       1
       0
       6
       2
       1
       1
       0
       2
       2
       0
       2
       2
       0
       0
       1
       3
       1
       0
       1
       2
       3
       1
       2
       2
       1
       2
       3
       3
       1
       1
       3
       2
       0
       2
       1
       0
       2
       1
       5
       0
       1
       0
       1
       0
       1
       0
       0
       3
       1
       3
       1
       3
       5
       0
       2
       3
       1
       2
       2
       1
       2
       0
       2
       1
       1
       1
       2
       1
       4
       1
       3
       2
       5
       2
       1
       3
       0
       1
       3
       0
       2
       0
       1
       1
       2
       0
       4
       1
       1
       1
       2
       1
       0
       0
       0
       2
       2
       1
       0
       0
       3
       0
       3
       1
       5
       0
       2
       2
       1
       1
       0
       1
       2
       1
       1
       2
       0
       0
       1
       3
       1
       2
       3
       4
       2
       1
       2
       0
       2
       1
       1
       3
       3
       1
       0
       0
       1
       2
       5
       3
       4
       2
       0
       4
       1
       0
       0
       0
       5
       3
       0
       1
       1
       1
       2
       1
       3
       1
       2
       2
       3
       1
       2
       2
       0
       0
       4
       1
       3
       1
       2
       1
       2
       2
       2
       2
       5
       0
       4
       1
       2
       3
       3
       1
       1
       1
       0
       0
       1
       2
       2
       1
       2
       4
       2
       6
       2
       4
       2
       2
       2
       4
       1
       2
       2
       2
       3
       2
       3
       3
       3
       1
       2
       2
       5
       0
       0
       1
       5
       2
       0
       3
       4
       2
       1
       4
       0
       1
       1
       2
       2
       3
       2
       2
       1
       2
       2
       2
       2
       2
       4
       0
       1
       2
       2
       0
       0
       1
       4
       0
       3
       0
       3
       1
       4
       1
       2
       5
       2
       0
       3
       4
       4
       2
       2
       2
       0
       3
       0
       2
       2
       2
       3
       2
       1
       3
       2
       3
       2
       3
       1
       1
       3
       3
       4
       0
       2
       2
       1
       1
       3
       1
       2
       2
       3
       3
       2
       5
       3
       1
       4
       1
       3
       5
       3
       1
       3
       5
       2
       1
       4
       2
       4
       4
       2
       0
       1
       1
       1
       4
       5
       1
       1
       0
       3
       5
       1
       2
       1
       3
       2
       2
       3
       0
       3
       3
       2
       3
       2
       4
       2
       1
       1
       3
       3
       2
       1
       1
       3
       2
       2
       4
       1
       1
       5
       1
       0
       1
       1
       2
       2
       5
       1
       1
       1
       3
       4
       4
       2
       2
       2
       1
       2
       5
       6
       1
       3
       2
       4
       1
       3
       2
       3
       0
       4
       2
       1
       1
       1
       4
       0
       2
       3
       2
       4
       0
       3
       1
       3
       1
       2
       1
       0
       0
       1
       6
       2
       4
       4
       2
       1
       4
       1
       3
       3
       3
       2
       3
       3
       1
       1
       4
       0
       0
       0
       2
       1
       0
       1
       1
       1
       1
       1
       1
       2
       1
       1
       1
       2
       2
       1
       0
       0
       2
       2
       3
       0
       1
       2
       2
       1
       2
       0
       2
       2
       3
       4
       2
       4
       3
       2
       1
       1
       2
       3
       1
       3
       0
       1
       3
       2
       0
       4
       2
       2
       0
       0
       1
       2
       2
       1
       1
       0
       0
       1
       1
       2
       1
       1
       1
       0
       1
       2
       0
       0
       0
       1
       0
       0
       1
       2
       3
       0
       1
       0
       1
       1
       0
       1
       0
       1
       1
       1
       0
       1
       1
       4
       1
       0
       2
       2
       1
       1
       2
       1
       1
       1
       1
       2
       0
       1
       2
       1
       0
       1
       3
       0
       2
       0
       1
       1
       0
       0
       1
       0
       2
       0
       0
       1
       0
       1
       0
       3
       1
       2
       1
       1
       0
       1
       1
       4
       3
       1
       1
       1
       1
       2
       1
       3
       2
       1
       0
       0
       1
       0
       1
       0
       2
       0
       0
       1
       0
       0
       0
       0
       3
       1
       1
       0
       1
       1
       1
       0
       1
       3
       2
       4
       1
       0
       1
       2
       0
       1
       2
       1
       2
       1
       1
       1
       3
       1
       2
       0
       2
       0
       2
       2
       0
       3
       4
       2
       1
       3
       4
       1
       3
       1
       2
       0
       3
       3
       1
       0
       0
       2
       5
       1
       4
       0
       1
       3
       3
       1
       3
       4
       2
       2
       1
       0
       2
       2
       1
       3
       2
       3
       0
       2
       1
       2
       2
       0
       0
       0
       0
       0
       0
       0
       0
       0
       0
       0
       0
       0
       0
       0
       0
       0
       0
       0
       0
       0
       0
       0
       0
       0
       0
       0
       0
       0
       0
       0
       0
$ROI:
0
$PRESETS:
Real Time
45
0
$ENER_FIT:
51.257332 0.808399
$MCA_CAL:
3
5.125733E+001 8.083990E-001 0.000000E+000 keV
$SHAPE_CAL:
3
5.476517E+001 3.156971E-002 0.000000E+000
