$SPEC_ID:
No sample description was entered.
$SPEC_REM:
DET# 1
DETDESC# W8481130 Model 928 SN 14338159
AP# Maestro Version 7.01
$DATE_MEA:
05/05/2023 14:03:15
$MEAS_TIM:
119 120
$DATA:
0 2047
       0
       0
       0
       0
       0
       0
       0
       1
      92
     116
      59
      45
      37
      40
      22
      29
      23
      25
      24
      21
      24
      24
      21
      27
      24
      16
      19
      24
      19
      17
      17
      18
      22
      24
      22
      24
      16
      19
      14
      14
      28
      15
      12
      20
      11
      23
      19
      13
      17
      17
      30
      15
      18
      18
      26
      23
      22
      17
      24
      18
      14
      18
      20
      18
      22
      24
      23
      21
      23
      24
      32
      27
      33
      22
      33
      32
      37
      39
      31
      49
      33
      31
      40
      30
      33
      35
      41
      40
      50
      39
      36
      41
      45
      41
      37
      37
      30
      32
      33
      23
      25
      31
      31
      44
      32
      22
      26
      30
      25
      31
      27
      19
      26
      33
      22
      20
      19
      28
      21
      18
      22
      21
      29
      27
      20
      18
      29
      25
      26
      29
      31
      31
      31
      34
      33
      24
      31
      22
      27
      28
      18
      35
      19
      29
      15
      20
      32
      29
      21
      33
      27
      28
      21
      33
      20
      29
      25
      20
      26
      21
      26
      17
      34
      26
      26
      28
      22
      27
      35
      23
      30
      33
      24
      32
      29
      34
      34
      20
      20
      26
      22
      27
      20
      27
      30
      37
      23
      31
      30
      37
      37
      28
      25
      34
      31
      26
      29
      33
      23
      28
      29
      26
      35
      38
      26
      32
      25
      28
      32
      28
      34
      25
      31
      27
      31
      33
      33
      23
      27
      41
      25
      30
      32
      29
      24
      33
      31
      35
      26
      25
      25
      26
      30
      31
      34
      31
      25
      33
      30
      26
      35
      37
      24
      41
      35
      24
      43
      34
      35
      29
      35
      31
      27
      29
      28
      34
      26
      39
      31
      36
      25
      32
      33
      33
      26
      27
      37
      39
      40
      32
      30
      30
      27
      33
      30
      35
      31
      31
      33
      28
      26
      24
      32
      34
      34
      23
      26
      26
      29
      30
      32
      33
      25
      33
      36
      28
      38
      23
      26
      24
      32
      28
      31
      19
      23
      33
      30
      30
      25
      33
      27
      28
      23
      33
      35
      27
      36
      27
      38
      23
      22
      25
      27
      30
      27
      26
      38
      25
      17
      26
      24
      30
      25
      37
      32
      42
      30
      33
      27
      29
      25
      36
      30
      33
      29
      22
      27
      20
      23
      30
      24
      31
      24
      28
      26
      32
      35
      23
      35
      21
      30
      30
      30
      21
      30
      25
      25
      42
      38
      22
      36
      25
      24
      26
      35
      23
      33
      30
      39
      27
      25
      23
      34
      30
      24
      22
      23
      33
      17
      24
      27
      19
      37
      36
      31
      30
      22
      21
      30
      24
      18
      34
      29
      30
      31
      36
      31
      21
      34
      34
      26
      27
      24
      15
      20
      26
      32
      22
      24
      28
      33
      26
      26
      26
      29
      17
      17
      26
      22
      27
      25
      34
      29
      30
      21
      28
      18
      25
      30
      27
      29
      25
      34
      26
      19
      24
      29
      27
      20
      19
      32
      22
      23
      35
      22
      25
      31
      25
      29
      32
      15
      25
      25
      29
      29
      33
      23
      32
      20
      12
      26
      24
      33
      25
      19
      21
      24
      26
      33
      30
      25
      20
      23
      25
      27
      22
      23
      17
      31
      21
      22
      17
      32
      22
      25
      22
      27
      28
      22
      35
      33
      26
      20
      29
      17
      29
      32
      26
      28
      22
      18
      26
      20
      25
      23
      26
      24
      21
      25
      18
      22
      13
      20
      17
      29
      17
      19
      18
      22
      26
      12
      25
      19
      17
      23
      22
      31
      20
      18
      23
      23
      24
      23
      20
      18
      15
      18
      17
      13
      18
      26
      24
      23
      22
      23
      24
      16
      24
      23
      25
      16
      19
      22
      16
      32
      14
      24
      20
      15
      16
      19
      16
      16
      20
      23
      25
      22
      13
      22
      18
      18
      21
      26
      33
      19
      29
      15
      13
      27
      19
      17
      19
      28
      13
      14
      19
      19
      14
      21
      19
      20
      18
      22
      18
      17
      28
      20
      19
      15
      25
      18
      15
      21
      24
      14
      17
      23
      26
      26
      32
      17
      21
      24
      14
      22
      27
      25
      23
      17
      15
      32
      28
      23
      23
      24
      21
      19
      15
      17
      18
      15
      18
      17
      33
      25
      18
      21
      15
      20
      25
      15
      27
      22
      17
      14
      18
      11
      14
      14
      10
      20
      20
      19
      19
      14
      14
      16
      17
      26
      20
      17
      22
      15
      17
      22
      11
      14
      22
      21
      16
      14
      19
      18
      20
      19
      12
      16
      16
      21
      19
      21
      14
      16
      12
      21
      14
      17
      18
      24
      20
      14
      13
      15
      12
      27
      15
      17
      19
      15
      11
      16
      23
      14
      13
      13
      14
      27
      17
      10
      10
      15
      23
      21
       8
      14
      15
      12
      15
      16
      18
      20
      18
      12
      12
      10
       8
      16
      18
      14
      18
      15
      21
      22
      13
      10
      10
       9
      15
      12
       8
      20
      11
      16
      16
      13
      17
      11
      14
       8
      24
      14
       9
       8
      10
      14
      11
       7
      16
       8
      15
      14
      18
       8
       9
      11
       7
      14
       7
      11
       8
       8
       7
       6
      10
      11
       6
       7
      14
      10
      13
      10
       8
      11
      14
       5
      13
       7
      14
      11
       8
       5
       9
       8
       9
       8
      11
      10
       9
       8
      10
      10
       5
       8
      17
       6
       6
       4
       6
      10
       9
       7
       3
       7
       4
       6
       9
      10
      11
       4
       6
       3
       6
       8
       7
       7
       3
       8
       2
       7
       7
      11
       5
       7
      11
       5
       8
      12
       7
       5
       9
       4
       8
       3
       6
       2
       4
       1
       8
       2
       9
       9
       7
      12
       7
       8
       8
       8
       6
       3
       2
       7
      10
       4
       6
      14
       2
      11
       8
      12
       7
       7
       7
      11
       9
      12
      10
       8
      11
       9
      10
       8
      11
       7
       9
      14
      12
       4
       8
      12
      12
       7
       4
       5
      11
       9
       8
       9
      16
      14
      13
      14
      16
      11
      16
      13
      20
      14
       9
      17
       8
       8
      12
      11
      14
      11
      14
       9
      15
      15
      14
      18
      14
      18
      11
      21
      19
      15
      17
      17
      17
      24
      24
      17
      14
      16
      20
      17
      18
      31
      17
      18
      24
      15
      22
      22
      29
      28
      23
      29
      33
      38
      25
      35
      27
      31
      31
      34
      32
      31
      23
      27
      35
      37
      32
      26
      33
      24
      28
      45
      28
      40
      46
      45
      39
      36
      45
      40
      33
      47
      41
      34
      34
      47
      36
      27
      32
      42
      51
      40
      39
      36
      35
      38
      58
      36
      44
      43
      45
      50
      45
      35
      39
      34
      38
      57
      48
      45
      43
      41
      39
      43
      35
      56
      49
      43
      36
      41
      52
      37
      42
      34
      25
      39
      42
      32
      36
      29
      25
      27
      29
      36
      47
      32
      27
      32
      35
      34
      41
      30
      27
      25
      23
      29
      25
      27
      32
      28
      18
      32
      37
      28
      28
      15
      20
      24
      19
      23
      28
      29
      26
      16
      26
      13
      23
      14
      22
      15
      11
      18
      19
      18
      14
      15
      17
      26
      14
      12
      17
      10
       8
      15
      21
      20
      13
      19
      10
      16
       9
      14
      11
      16
      14
      14
      10
       5
      12
      11
      13
       9
       9
      11
       5
       5
      12
      15
       6
      12
       7
       9
       7
       5
       8
       7
       8
      10
       9
       8
       9
       5
       5
       5
       3
       5
       2
       7
       5
       7
       2
       6
       4
       7
       3
       8
       4
       2
       6
       1
       3
       5
       4
       6
       3
       3
       7
       7
       7
       9
       6
       9
       1
       7
       6
       1
       4
       5
       3
       4
       4
       5
       4
       3
       4
       4
       1
       2
       3
       4
       3
       3
       5
       3
       0
       1
       2
       2
       4
       1
       3
       3
       2
       1
       5
       3
       2
       3
       3
       8
       2
       5
       3
       4
       3
       2
       4
       1
       1
       3
       5
       4
       3
       2
       3
       1
       2
       6
       3
       2
       0
       3
       2
       4
       2
       3
       2
       0
       2
       3
       0
       2
       2
       4
       2
       2
       0
       2
       3
       5
       1
       4
       4
       2
       2
       3
       4
       3
       2
       4
       3
       3
       2
       2
       2
       4
       3
       1
       2
       1
       1
       2
       1
       4
       2
       5
       3
       1
       0
       0
       7
       2
       2
       6
       0
       4
       2
       1
       1
       1
       2
       2
       3
       1
       3
       2
       2
       2
       3
       1
       4
       1
       4
       2
       3
       5
       2
       6
       5
       2
       0
       5
       2
       5
       2
       0
       1
       2
       2
       2
       3
       2
       2
       2
       2
       3
       2
       1
       0
       1
       2
       1
       5
       3
       0
       1
       1
       4
       3
       2
       3
       2
       1
       3
       1
       2
       2
       2
       1
       3
       3
       1
       6
       3
       3
       1
       1
       5
       1
       3
       3
       0
       0
       3
       1
       2
       1
       1
       1
       2
       1
       1
       2
       3
       2
       1
       2
       1
       3
       3
       1
       3
       2
       3
       0
       6
       3
       1
       1
       2
       4
       0
       0
       0
       2
       0
       4
       3
       2
       1
       3
       0
       2
       1
       3
       1
       0
       0
       2
       3
       2
       2
       4
       1
       0
       4
       3
       3
       2
       0
       1
       2
       1
       1
       0
       3
       2
       4
       3
       3
       1
       5
       6
       1
       3
       3
       2
       1
       1
       4
       3
       2
       1
       2
       1
       3
       2
       0
       7
       3
       4
       0
       5
       2
       2
       4
       4
       1
       5
       2
       5
       1
       3
       3
       1
       0
       3
       7
       3
       0
       2
       3
       2
       2
       0
       1
       3
       1
       2
       4
       1
       1
       3
       2
       2
       2
       3
       1
       2
       1
       1
       2
       2
       1
       4
       2
       3
       2
       1
       4
       2
       0
       2
       3
       0
       4
       5
       6
       1
       1
       1
       2
       3
       2
       4
       4
       2
       1
       2
       4
       4
       2
       2
       0
       1
       1
       1
       3
       2
       1
       4
       1
       1
       4
       0
       1
       2
       4
       3
       8
       1
       0
       2
       1
       5
       4
       2
       1
       2
       2
       3
       2
       2
       2
       1
       2
       7
       2
       1
       5
       4
       1
       3
       0
       4
       1
       0
       0
       2
       2
       2
       4
       2
       2
       1
       1
       4
       2
       3
       1
       0
       4
       5
       2
       1
       3
       5
       2
       3
       0
       4
       3
       3
       1
       2
       4
       3
       4
       4
       1
       6
       1
       2
       1
       1
       1
       1
       2
       3
       1
       1
       3
       3
       2
       4
       1
       3
       3
       1
       5
       0
       6
       3
       0
       2
       3
       2
       5
       5
       3
       1
       3
       4
       3
       0
       3
       4
       3
       2
       2
       2
       6
       4
       1
       8
       1
       5
       4
       2
       3
       3
       1
       2
       2
       2
       1
       7
       0
       0
       0
       1
       0
       3
       2
       3
       0
       3
       4
       3
       6
       3
       4
       2
       3
       3
       2
       3
       3
       3
       5
       4
       4
       1
       2
       3
       3
       4
       3
       2
       1
       1
       4
       2
       0
       5
       1
       3
       4
       1
       2
       2
       1
       2
       1
       8
       1
       2
       1
       2
       4
       1
       2
       0
       7
       1
       3
       3
       3
       0
       1
       0
       3
       2
       2
       1
       2
       1
       3
       2
       4
       0
       1
       3
       1
       3
       4
       3
       1
       4
       1
       3
       3
       3
       1
       5
       2
       3
       2
       2
       2
       5
       1
       4
       4
       2
       1
       0
       2
       3
       1
       4
       5
       2
       3
       6
       1
       1
       2
       3
       2
       5
       3
       3
       3
       1
       1
       4
       4
       2
       5
       4
       1
       4
       4
       2
       2
       1
       3
       3
       2
       3
       3
       2
       2
       2
       4
       4
       2
       4
       2
       5
       5
       2
       1
       5
       2
       2
       4
       0
       4
       4
       1
       1
       2
       3
       5
       4
       1
       5
       1
       0
       3
       3
       0
       5
       2
       2
       2
       3
       3
       2
       1
       3
       2
       2
       2
       1
       2
       1
       3
       7
       1
       2
       3
       1
       5
       0
       4
       5
       3
       2
       0
       0
       0
       4
       1
       0
       3
       5
       0
       1
       0
       0
       3
       2
       1
       3
       4
       1
       3
       5
       1
       5
       2
       3
       6
       4
       2
       1
       0
       4
       2
       0
       2
       2
       0
       2
       4
       1
       1
       2
       1
       7
       1
       0
       1
       1
       1
       1
       2
       1
       5
       1
       3
       2
       1
       1
       2
       2
       2
       0
       0
       2
       4
       1
       0
       4
       2
       5
       2
       3
       0
       1
       2
       3
       0
       3
       1
       3
       2
       1
       2
       3
       2
       4
       3
       0
       3
       3
       2
       0
       1
       0
       2
       3
       2
       0
       0
       1
       2
       2
       0
       0
       1
       1
       2
       1
       1
       5
       0
       5
       1
       3
       1
       0
       2
       0
       2
       1
       3
       6
       4
       2
       1
       0
       1
       0
       3
       0
       3
       3
       0
       2
       1
       1
       1
       2
       1
       0
       1
       3
       1
       0
       3
       2
       1
       1
       4
       2
       1
       4
       1
       3
       3
       1
       2
       4
       5
       3
       6
       2
       3
       2
       1
       2
       1
       2
       3
       2
       1
       2
       2
       6
       3
       1
       2
       3
       0
       2
       0
       0
       0
       0
       0
       0
       0
       0
       0
       0
       0
       0
       0
       0
       0
       0
       0
       0
       0
       0
       0
       0
       0
       0
       0
       0
       0
       0
       0
       0
       0
       0
$ROI:
4
420 583
812 1137
1163 1426
1440 1632
$PRESETS:
Real Time
120
0
$ENER_FIT:
51.257332 0.808399
$MCA_CAL:
3
5.125733E+001 8.083990E-001 0.000000E+000 keV
$SHAPE_CAL:
3
5.476517E+001 3.156971E-002 0.000000E+000
