$SPEC_ID:
No sample description was entered.
$SPEC_REM:
DET# 1
DETDESC# W8481130 Model 928 SN 14338159
AP# Maestro Version 7.01
$DATE_MEA:
05/05/2023 15:04:46
$MEAS_TIM:
99 100
$DATA:
0 2047
       0
       0
       0
       0
       0
       0
       0
       1
      46
      58
      30
      20
      27
      12
      10
      14
      14
      22
      23
      21
      12
      19
      19
      26
      17
      23
      21
      15
      18
      15
      30
      15
      14
      20
      21
      19
      15
      20
      14
      10
      13
      13
      17
      20
      11
      11
      14
      18
      19
      16
      13
      11
      12
      14
      14
      20
      18
      25
      15
      19
      14
      17
      13
      17
      15
      17
      16
      21
      20
      23
      22
      29
      33
      27
      30
      16
      31
      17
      28
      28
      30
      28
      36
      47
      27
      26
      54
      43
      35
      46
      37
      31
      30
      31
      48
      28
      29
      25
      41
      38
      15
      37
      35
      26
      33
      21
      29
      20
      16
      23
      23
      17
      17
      44
      23
      28
      16
      30
      25
      25
      30
      21
      24
      24
      28
      16
      19
      17
      28
      26
      25
      21
      24
      21
      18
      24
      19
      17
      23
      22
      26
      32
      27
      20
      33
      31
      33
      27
      27
      25
      19
      27
      21
      32
      33
      22
      37
      34
      23
      31
      33
      27
      31
      24
      32
      26
      26
      30
      19
      28
      37
      18
      30
      34
      21
      20
      36
      36
      23
      27
      28
      20
      36
      29
      33
      29
      32
      35
      31
      31
      31
      45
      30
      32
      34
      34
      34
      25
      28
      33
      31
      28
      33
      21
      26
      26
      33
      21
      38
      35
      32
      27
      36
      30
      31
      34
      31
      34
      27
      26
      24
      23
      34
      36
      27
      33
      24
      25
      24
      30
      34
      35
      31
      32
      24
      25
      36
      38
      42
      30
      36
      34
      35
      34
      16
      28
      34
      40
      35
      33
      26
      26
      33
      23
      26
      32
      18
      37
      29
      37
      33
      32
      28
      39
      33
      29
      20
      27
      22
      33
      37
      27
      32
      28
      27
      30
      24
      28
      39
      29
      21
      35
      23
      23
      36
      36
      23
      22
      34
      33
      33
      34
      29
      31
      16
      23
      25
      35
      23
      38
      29
      23
      24
      34
      32
      19
      28
      25
      20
      34
      23
      22
      23
      17
      24
      22
      22
      28
      37
      23
      29
      24
      28
      33
      21
      25
      28
      22
      30
      28
      33
      33
      29
      18
      19
      31
      19
      34
      19
      22
      15
      23
      31
      33
      17
      19
      25
      18
      18
      21
      21
      23
      29
      31
      19
      27
      22
      20
      19
      23
      26
      20
      23
      27
      15
      32
      24
      20
      22
      34
      29
      29
      25
      22
      32
      18
      34
      25
      25
      30
      20
      21
      23
      19
      14
      27
      20
      14
      24
      12
      23
      16
      20
      25
      22
      24
      20
      24
      29
      28
      15
      26
      23
      17
      18
      12
      12
      24
      19
      19
      18
      26
      29
      17
      20
      26
      25
      19
      19
      26
      26
      28
      15
      22
      24
      13
      20
      12
      21
      13
      18
      29
      24
      22
      15
      20
      20
      26
      19
      27
      21
      23
      21
      23
      19
      16
      16
      20
      14
      19
      22
      15
      16
      17
      22
      16
      18
      11
      10
      20
      18
      17
      17
      22
      24
      23
      17
      27
      17
      18
      15
      16
      17
      10
      20
      16
      19
      15
      19
      20
      16
      14
      17
      22
       9
      26
      20
      13
      17
      21
      17
      19
      18
      18
      13
      19
      15
      14
      20
      22
       8
      21
       9
      15
      11
      15
      15
      15
      21
      17
      23
      11
      14
      15
      17
      15
      16
      14
      21
      16
      20
      16
      17
      13
      13
      18
      13
      10
      10
      17
      21
      15
      18
      16
      19
       8
      13
      11
      14
      13
      14
      26
       9
      17
      11
      14
      13
      16
      17
      15
      16
      20
      16
      18
      14
      14
      14
      18
      19
      13
      15
      15
      13
      21
      16
      18
      17
      15
      22
      14
      15
      12
      17
      10
      21
      12
      10
      12
       6
      11
       7
      10
      12
      11
      15
       8
      12
      13
      15
      17
      11
      16
       9
      12
      14
      17
      12
      13
       8
      13
      12
      11
      11
      12
       9
      19
      18
      15
       7
      14
      15
      12
      11
       9
       9
      15
      18
      15
      21
      10
      17
      11
      14
      14
      10
      14
       8
      14
      17
      20
      19
      15
      22
      13
      16
      10
      16
      20
      13
       9
      16
      11
      13
      11
      11
      13
      15
      11
      11
      15
      25
      10
      12
       6
       7
      13
      10
      11
       9
       8
      11
       8
      10
      19
      15
      13
      14
      14
      10
      15
      13
      16
       8
      14
       7
      18
      16
      14
      14
      10
      14
      14
      12
       7
      11
      14
      13
      14
      13
       9
      17
       7
      13
      10
      12
      16
      17
      12
      12
      13
      17
      17
      15
      12
      15
      14
      11
       9
      14
      15
       8
      11
      28
      14
      14
      10
      10
       7
       9
      12
      10
      14
      10
       8
      14
      13
      11
      10
       8
       8
      17
      13
      11
      11
      13
      14
       8
      15
      16
      11
       9
      12
      13
      11
      12
      16
      11
       7
      11
       5
       5
      11
      14
      11
      11
      11
       7
      15
      11
       9
       8
       8
      12
      11
      13
      12
       9
       5
      12
      17
      12
       6
       8
       6
       7
      12
       8
       4
      13
      12
       8
      11
       4
      11
       9
       7
      12
       8
       6
       5
      10
      10
       3
      10
       7
       5
       6
       8
      13
       7
      13
       5
       6
       3
       8
       8
       4
       6
       7
       7
       4
      10
       6
       7
      13
      10
       7
       8
       7
      11
      12
       9
       8
       4
       9
       6
      17
       8
       7
       7
       7
       8
       4
       7
       6
       4
       6
       6
      11
       9
       8
       4
       7
       8
       9
       6
      10
       7
       8
       8
       4
       8
       7
       6
       6
       5
       9
       4
       7
      12
       6
       8
       8
       6
       5
       8
       8
       4
       9
       7
       6
       5
       9
       9
      11
       4
       9
       9
       9
       9
       9
       6
      13
       8
       8
      10
      10
       5
       7
       6
      10
       6
      10
       9
       7
       8
       8
       9
       8
       8
       7
       9
      12
       3
       5
       9
      12
      10
      10
       9
      14
       8
      12
       7
      15
      14
      12
      11
      15
      14
      15
       6
      14
      10
      12
      10
       9
      10
      13
      15
      13
      17
      17
       5
      14
      12
       8
       7
      10
      13
      20
      15
      19
      10
      15
      15
      16
      17
      18
      20
      14
      19
      21
      21
      19
      16
      16
      15
      15
      24
      21
      20
      13
      22
      20
      22
      16
      18
      21
      21
      17
      25
      22
      26
      23
      26
      21
      22
      20
      22
      20
      24
      28
      34
      20
      16
      25
      21
      32
      31
      16
      22
      20
      18
      21
      30
      26
      21
      21
      27
      14
      37
      22
      26
      32
      24
      29
      25
      25
      28
      13
      18
      25
      23
      26
      28
      25
      24
      20
      17
      26
      26
      21
      21
      21
      23
      27
      16
      15
      20
      28
      14
      20
      17
      17
      19
      19
      22
      19
      18
      19
      19
      11
      25
      18
      11
      19
      14
      13
      11
      22
       8
      15
      15
      15
      12
      14
      12
      17
      13
       7
      15
       9
      19
      15
      14
      15
       6
      10
      10
       5
      11
      15
      11
      10
       7
       9
      11
       7
       8
      13
       9
       8
       9
       9
       7
       8
       5
       9
       8
       6
       9
       9
       5
       1
       5
       6
       5
       9
       8
       7
       8
      10
       8
       8
       6
       8
       6
       7
       6
       6
       4
       4
       2
      11
       7
       3
       5
       9
       8
       4
       8
       1
       8
       6
       4
       6
      10
       4
       3
      13
       3
       4
       7
       8
       5
       8
      11
       4
       5
       6
       6
      11
       5
       6
       7
       6
       5
       6
       6
       5
       6
       7
       7
       5
       5
       8
      10
       6
       6
       8
       8
       7
       4
       4
       8
       3
       7
       9
       5
       9
       5
       5
      13
       3
       8
      12
       9
       5
       8
      12
       7
       7
      10
      12
       9
       7
       6
       8
       7
      11
       8
       6
       9
       6
       8
       6
       8
       9
      11
       5
       9
       7
       6
       2
       6
      10
      10
       7
      10
       9
       3
      11
       4
       6
      11
      10
       6
       7
       7
       7
       9
       7
      10
       7
       5
       7
       4
       6
       9
       4
      11
      12
       9
       2
       5
       9
       5
       7
       4
      11
       6
       5
       4
       3
       5
       3
       6
       5
       4
       3
       8
       7
       3
       3
       3
       6
       5
       2
       9
       4
       9
       8
       6
       2
       2
       3
       3
       3
       6
       4
       5
       3
       3
       3
       6
       4
       3
       1
       4
       2
       2
       4
       5
       1
       3
       2
       0
       1
       1
       5
       0
       5
       3
       4
       3
       2
       2
       1
       2
       6
       2
       3
       1
       2
       3
       1
       1
       1
       3
       1
       1
       2
       1
       2
       1
       2
       2
       1
       0
       2
       1
       2
       2
       0
       0
       3
       2
       1
       3
       1
       2
       0
       1
       1
       1
       2
       2
       2
       2
       1
       1
       0
       1
       1
       2
       1
       3
       1
       2
       0
       1
       1
       0
       1
       1
       1
       5
       0
       2
       2
       0
       2
       0
       0
       1
       0
       0
       1
       0
       0
       0
       1
       2
       0
       1
       0
       1
       0
       1
       1
       2
       1
       0
       0
       0
       0
       0
       0
       2
       1
       1
       0
       1
       0
       0
       0
       0
       1
       0
       0
       0
       0
       0
       1
       1
       0
       0
       1
       1
       2
       0
       1
       0
       0
       0
       0
       0
       1
       0
       3
       0
       0
       0
       0
       1
       0
       1
       0
       0
       1
       0
       0
       0
       2
       1
       0
       1
       0
       0
       0
       0
       1
       0
       0
       0
       1
       0
       0
       0
       1
       1
       1
       1
       0
       1
       0
       2
       0
       2
       0
       0
       0
       0
       0
       0
       1
       0
       0
       1
       0
       0
       0
       0
       0
       1
       0
       1
       1
       0
       1
       2
       0
       0
       1
       0
       0
       1
       0
       0
       0
       2
       0
       0
       0
       2
       1
       0
       0
       0
       2
       0
       1
       1
       0
       1
       1
       0
       0
       0
       1
       0
       1
       0
       0
       0
       1
       1
       0
       0
       1
       0
       0
       0
       1
       2
       1
       0
       0
       4
       1
       1
       3
       0
       1
       1
       0
       2
       1
       0
       0
       0
       0
       1
       0
       1
       0
       1
       0
       0
       0
       2
       0
       1
       1
       1
       0
       0
       1
       0
       1
       0
       1
       0
       0
       0
       1
       0
       2
       0
       2
       1
       0
       0
       1
       1
       0
       1
       0
       0
       1
       1
       0
       0
       1
       0
       2
       1
       0
       1
       0
       0
       0
       1
       2
       1
       1
       3
       1
       1
       2
       3
       0
       2
       1
       1
       1
       0
       0
       1
       1
       0
       1
       1
       0
       1
       2
       0
       0
       0
       0
       2
       1
       1
       0
       1
       1
       1
       0
       1
       0
       2
       0
       1
       0
       1
       0
       1
       0
       0
       1
       2
       0
       0
       0
       0
       0
       1
       0
       1
       0
       0
       0
       0
       0
       0
       0
       1
       1
       0
       0
       1
       1
       1
       1
       1
       2
       0
       1
       0
       1
       1
       0
       1
       0
       0
       1
       1
       0
       2
       0
       0
       1
       2
       1
       0
       1
       1
       1
       0
       0
       0
       0
       0
       2
       0
       0
       0
       0
       1
       1
       2
       0
       0
       0
       1
       0
       0
       2
       0
       0
       0
       1
       0
       0
       0
       0
       1
       0
       0
       0
       0
       0
       0
       0
       0
       1
       0
       1
       0
       1
       0
       1
       0
       1
       0
       0
       0
       1
       0
       1
       0
       0
       1
       0
       1
       1
       1
       0
       1
       0
       0
       0
       0
       1
       0
       0
       0
       0
       0
       0
       2
       1
       0
       0
       0
       2
       2
       0
       0
       0
       0
       1
       0
       0
       0
       0
       0
       0
       1
       0
       0
       0
       0
       0
       1
       0
       0
       1
       1
       0
       0
       0
       2
       1
       0
       0
       0
       2
       0
       0
       1
       1
       0
       0
       1
       0
       1
       0
       1
       3
       0
       0
       1
       1
       0
       1
       0
       0
       0
       1
       0
       0
       0
       0
       0
       0
       0
       0
       0
       0
       2
       0
       0
       0
       0
       0
       1
       0
       0
       2
       0
       0
       0
       0
       1
       0
       0
       0
       0
       0
       0
       0
       0
       1
       1
       0
       0
       0
       0
       0
       0
       0
       0
       0
       0
       0
       0
       0
       1
       0
       0
       1
       0
       0
       0
       0
       0
       0
       0
       0
       0
       0
       0
       0
       0
       1
       0
       1
       0
       1
       0
       0
       0
       0
       0
       0
       1
       0
       0
       0
       0
       1
       1
       2
       1
       0
       0
       0
       0
       0
       0
       1
       0
       0
       0
       0
       0
       0
       2
       1
       0
       0
       0
       1
       0
       0
       0
       1
       2
       0
       0
       0
       0
       1
       2
       0
       0
       0
       0
       0
       1
       0
       1
       0
       1
       0
       0
       0
       0
       0
       0
       0
       1
       0
       1
       0
       0
       0
       0
       1
       0
       0
       0
       0
       0
       0
       0
       0
       0
       0
       0
       0
       1
       0
       0
       1
       0
       0
       1
       0
       0
       0
       0
       2
       0
       0
       0
       1
       0
       0
       1
       0
       0
       0
       0
       1
       0
       0
       0
       0
       0
       0
       1
       1
       0
       0
       0
       2
       0
       1
       0
       0
       0
       0
       0
       0
       0
       0
       0
       0
       0
       0
       0
       0
       0
       0
       0
       0
       0
       0
       0
       0
       0
       0
       0
       0
       0
       0
       0
       0
       0
       0
       0
       0
       0
       0
       0
$ROI:
0
$PRESETS:
Real Time
100
0
$ENER_FIT:
51.257332 0.808399
$MCA_CAL:
3
5.125733E+001 8.083990E-001 0.000000E+000 keV
$SHAPE_CAL:
3
5.476517E+001 3.156971E-002 0.000000E+000
