$SPEC_ID:
No sample description was entered.
$SPEC_REM:
DET# 1
DETDESC# W8481130 Model 928 SN 14338159
AP# Maestro Version 7.01
$DATE_MEA:
05/05/2023 14:11:15
$MEAS_TIM:
119 120
$DATA:
0 2047
       0
       0
       0
       0
       0
       0
       0
       1
      87
     119
      51
      43
      44
      36
      36
      34
      15
      21
      15
      21
      25
      27
      20
      18
      22
      25
      35
      16
      19
      25
      20
      21
      22
      20
      17
      19
      14
      14
      16
      19
      16
      14
      21
      21
      19
      15
      11
      22
      26
      19
      22
      13
      20
      19
      24
      16
      21
      21
      17
      16
      22
      24
      19
      17
      22
      22
      25
      21
      22
      24
      26
      20
      44
      27
      33
      28
      22
      46
      32
      40
      29
      31
      35
      26
      34
      28
      33
      37
      30
      43
      27
      37
      36
      40
      31
      36
      28
      31
      35
      30
      23
      15
      29
      39
      30
      30
      32
      18
      13
      28
      21
      21
      17
      22
      36
      33
      27
      25
      23
      24
      18
      27
      21
      25
      30
      21
      25
      18
      12
      25
      24
      30
      18
      20
      27
      17
      24
      24
      18
      27
      16
      21
      24
      16
      20
      26
      29
      29
      28
      24
      19
      26
      21
      26
      24
      18
      21
      24
      17
      26
      23
      31
      25
      23
      31
      17
      36
      24
      29
      31
      22
      21
      25
      29
      22
      31
      32
      25
      22
      28
      27
      28
      26
      24
      31
      24
      24
      20
      28
      18
      29
      31
      31
      28
      25
      31
      28
      24
      25
      25
      22
      25
      19
      35
      30
      27
      22
      30
      21
      30
      31
      28
      34
      17
      22
      32
      29
      21
      26
      31
      27
      20
      28
      32
      23
      30
      20
      31
      38
      32
      22
      23
      30
      34
      31
      32
      30
      28
      36
      35
      14
      20
      31
      24
      25
      27
      35
      18
      34
      31
      37
      35
      33
      29
      32
      32
      31
      38
      32
      31
      28
      38
      29
      28
      21
      31
      34
      32
      33
      26
      33
      26
      32
      37
      30
      26
      32
      29
      38
      32
      33
      25
      36
      30
      27
      35
      28
      29
      38
      29
      36
      26
      33
      28
      43
      29
      26
      24
      27
      29
      26
      26
      23
      30
      20
      25
      31
      19
      24
      28
      34
      32
      24
      45
      22
      35
      26
      32
      43
      29
      32
      36
      27
      30
      31
      36
      21
      29
      23
      31
      38
      27
      28
      38
      31
      25
      29
      33
      27
      30
      37
      33
      24
      38
      27
      27
      39
      23
      27
      29
      27
      38
      21
      27
      28
      31
      21
      31
      33
      27
      22
      31
      28
      34
      22
      26
      36
      35
      37
      23
      40
      28
      19
      40
      18
      29
      21
      33
      23
      28
      33
      27
      26
      22
      20
      31
      32
      25
      29
      17
      21
      31
      24
      31
      24
      27
      26
      24
      23
      28
      19
      34
      28
      32
      20
      30
      21
      26
      29
      26
      28
      26
      25
      29
      22
      30
      29
      23
      28
      25
      23
      38
      27
      29
      23
      26
      32
      30
      19
      18
      26
      30
      22
      22
      29
      30
      22
      19
      23
      17
      31
      18
      19
      28
      20
      25
      22
      26
      27
      25
      28
      24
      28
      22
      21
      19
      14
      27
      32
      24
      24
      20
      32
      29
      24
      19
      22
      16
      25
      18
      16
      28
      29
      28
      21
      20
      30
      25
      17
      23
      21
      35
      24
      33
      25
      21
      34
      22
      24
      34
      27
      26
      25
      28
      21
      24
      16
      25
      24
      19
      16
      18
      16
      22
      22
      23
      16
      22
      26
      17
      24
      21
      28
      30
      16
      24
      29
      19
      24
      18
      18
      15
      15
      19
      25
      24
      17
      21
      23
      17
      31
      20
      22
      19
      31
      15
      30
      23
      16
      18
      22
      29
      22
      28
      15
      23
      21
      22
      26
      24
      26
      18
      28
      18
      20
      20
      20
      20
      19
      24
      19
      19
      23
      16
      16
      17
      19
      22
      15
      25
      22
      14
      27
      27
      15
      17
      15
      17
      16
      13
      23
      17
      18
      20
      22
      16
      27
      21
      14
      18
      26
      18
      20
      20
      24
      19
      21
      14
      31
      19
      24
      22
      15
      13
      17
      18
      23
      20
      21
      23
      18
      27
      19
      16
      15
      19
       6
      10
      24
      20
      15
      20
      17
      22
      26
      22
      26
      26
      27
      16
      18
      13
      14
      13
      15
      16
      21
      27
      21
      14
      21
      17
      20
      17
      23
      24
      14
      27
      17
      19
      21
      18
      14
      21
      19
      18
      22
      11
      15
      21
      26
      23
      20
      21
      13
      17
      21
      17
      16
      14
      19
      27
      17
      13
      21
      16
      10
      12
      15
      13
      13
      11
       9
      11
      13
      15
      24
      21
      18
      17
      13
      18
      16
      21
      14
      17
      14
      12
       8
      20
      22
      13
      20
      17
      22
      19
      21
      12
      11
      17
       8
      14
      19
      20
      15
      18
      20
      11
      15
      13
      17
       7
      16
      16
      12
      15
      12
      15
      20
      14
       5
      16
      18
      13
       8
      16
      10
      11
      13
       9
      13
      14
      12
      17
      16
      16
      14
      15
      20
      12
       4
      15
      14
      14
       8
      13
      12
       7
      10
      12
       8
      14
      12
      16
      15
      10
      12
       9
      13
      12
      18
       8
      12
       9
      13
       7
       7
      10
       8
      12
      14
       8
      11
      12
      12
      10
       7
       7
       7
      11
       9
       8
       6
      12
      17
      11
       9
       7
      11
       6
      12
       9
       7
       7
       6
      12
       7
       7
       9
       5
      15
       4
      10
       7
       9
       8
       7
      12
       4
      11
       6
      10
       8
      11
      10
       4
       6
       7
       5
      11
       9
       8
       5
       7
      10
       7
       6
      10
       8
       8
       5
       9
       9
       7
       1
       5
       6
       5
       8
       6
       7
       4
       2
       4
       8
       8
       8
       9
       9
       3
       4
      12
       9
       8
       6
       2
       7
      12
       3
       2
       3
       5
      12
       2
      10
       6
       6
       4
       2
       5
       8
       7
       9
       6
      12
       9
      10
       7
      12
       6
       9
       7
       8
      11
       9
      10
       4
       9
      14
       9
       4
      12
       9
      15
      13
       9
      17
      11
       9
       8
       4
      15
      21
       8
      13
      10
       6
      12
      12
      17
       8
      16
      16
      20
      14
      12
      20
      17
      18
      16
      14
      14
      16
      23
      16
      17
      21
      11
      16
      21
      15
      12
      22
      13
      21
      12
      17
      19
      21
      15
      17
      25
      25
      15
      17
      16
      18
      24
      22
      25
      21
      22
      33
      36
      30
      34
      25
      22
      25
      40
      25
      23
      39
      45
      32
      22
      27
      35
      41
      23
      27
      28
      30
      43
      34
      26
      44
      30
      37
      40
      36
      36
      51
      29
      34
      27
      44
      38
      31
      39
      45
      31
      36
      42
      36
      42
      40
      43
      27
      38
      41
      31
      39
      37
      38
      35
      41
      41
      40
      42
      29
      43
      45
      36
      37
      39
      34
      34
      42
      37
      41
      30
      37
      48
      34
      34
      30
      41
      41
      38
      24
      31
      34
      31
      54
      34
      26
      20
      29
      35
      25
      39
      31
      32
      23
      22
      32
      23
      17
      26
      27
      14
      24
      20
      17
      25
      27
      25
      24
      22
      19
      24
      28
      18
      21
      19
      13
      21
      17
      19
      12
      19
      27
      11
      18
      21
      21
      23
      13
      11
      13
      17
      21
       9
      11
      16
      13
      13
      13
      11
      17
       8
      14
       7
      11
      14
      12
      13
       9
       6
      13
       9
       6
       7
       4
       9
       7
       6
       9
       7
       4
      10
       9
      13
       7
       7
       5
      11
       3
       4
       6
       8
       8
       4
      10
       4
       5
       3
       6
       5
       6
       4
       8
       6
       5
       6
      10
       7
       3
       7
       6
       5
       4
       2
       8
       5
       4
       6
       4
       2
       4
       4
       1
       3
      10
       7
       5
       4
       4
       3
       1
       7
       3
       4
       1
       2
       1
       3
       3
       5
       6
       6
       3
       4
       1
       3
       4
       3
       1
       3
       5
       4
       4
       5
       2
       5
       2
       3
       1
       2
       1
       3
       4
       4
       2
       2
       3
       5
       2
       2
       3
       4
       5
       4
       2
       2
       3
       2
       1
       3
       3
       3
       4
       3
       3
       5
       1
       2
       1
       2
       3
       5
       5
       1
       3
       0
       5
       1
       6
       3
       1
       2
       2
       4
       3
       0
       2
       4
       2
       5
       7
       0
       4
       4
       1
       2
       1
       0
       2
       0
       1
       1
       3
       2
       3
       3
       0
       3
       3
       2
       0
       2
       4
       1
       2
       1
       2
       3
       2
       2
       5
       3
       3
       2
       5
       5
       2
       1
       0
       2
       3
       2
       3
       0
       0
       1
       1
       1
       3
       4
       4
       5
       6
       0
       5
       1
       2
       4
       1
       2
       1
       2
       1
       1
       3
       0
       1
       4
       2
       2
       2
       2
       2
       3
       1
       1
       1
       3
       2
       3
       3
       2
       2
       1
       4
       3
       3
       1
       2
       1
       1
       3
       1
       5
       2
       0
       1
       0
       2
       1
       6
       4
       3
       1
       0
       2
       7
       0
       4
       3
       2
       2
       6
       3
       3
       2
       4
       4
       3
       3
       3
       3
       1
       1
       0
       6
       3
       1
       3
       3
       2
       2
       4
       5
       2
       0
       5
       2
       1
       1
       5
       1
       2
       2
       2
       1
       8
       3
       2
       1
       3
       5
       1
       0
       2
       3
       3
       3
       1
       3
       1
       1
       3
       3
       5
       5
       0
       0
       3
       0
       4
       3
       4
       3
       2
       3
       1
       0
       3
       1
       1
       1
       3
       1
       3
       3
       2
       0
       3
       2
       2
       4
       4
       0
       2
       4
       2
       1
       7
       3
       4
       0
       0
       3
       1
       7
       3
       0
       2
       3
       0
       4
       2
       1
       1
       2
       1
       2
       1
       6
       2
       4
       2
       2
       5
       4
       1
       1
       3
       3
       2
       1
       5
       0
       3
       2
       4
       1
       4
       6
       1
       5
       2
       4
       1
       2
       1
       3
       6
       1
       1
       1
       4
       4
       3
       2
       4
       2
       4
       3
       3
       3
       2
       2
       5
       2
       2
       2
       1
       4
       2
       4
       3
       2
       3
       3
       5
       4
       4
       1
       2
       0
       6
       1
       3
       5
       4
       4
       3
       3
       2
       1
       0
       3
       5
       4
       2
       7
       4
       5
       0
       2
       0
       4
       2
       3
       1
       1
       0
       1
       1
       0
       2
       3
       0
       3
       2
       1
       5
       2
       2
       3
       4
       1
       4
       3
       3
       2
       1
       2
       4
       1
       3
       3
       2
       3
       2
       1
       0
       3
       0
       4
       4
       1
       1
       2
       2
       2
       4
       1
       1
       3
       6
       2
       2
       1
       3
       0
       1
       4
       3
       2
       2
       3
       2
       3
       3
       2
       1
       0
       2
       1
       1
       1
       3
       3
       1
       1
       2
       0
       2
       2
       1
       2
       4
       4
       3
       3
       1
       2
       3
       2
       1
       3
       3
       0
       1
       2
       2
       3
       2
       5
       3
       1
       0
       4
       4
       3
       2
       3
       6
       1
       3
       2
       1
       2
       3
       2
       2
       2
       3
       7
       2
       3
       5
       2
       4
       3
       2
       2
       3
       4
       2
       3
       4
       2
       1
       1
       4
       2
       3
       2
       2
       3
       4
       0
       1
       1
       0
       2
       2
       1
       4
       0
       3
       4
       4
       0
       1
       2
       1
       0
       1
       6
       2
       4
       2
       8
       2
       3
       6
       2
       1
       4
       2
       3
       5
       3
       4
       2
       1
       2
       2
       2
       2
       6
       2
       2
       3
       4
       2
       1
       5
       2
       3
       3
       1
       5
       3
       2
       0
       0
       2
       2
       4
       4
       2
       7
       3
       4
       2
       2
       3
       1
       4
       1
       3
       1
       0
       2
       2
       1
       4
       1
       1
       1
       2
       4
       2
       5
       2
       6
       2
       2
       3
       1
       3
       1
       1
       2
       2
       0
       4
       4
       2
       3
       2
       2
       2
       0
       4
       1
       3
       2
       2
       7
       3
       4
       1
       1
       2
       2
       0
       4
       2
       1
       3
       3
       1
       0
       4
       1
       3
       1
       0
       4
       4
       3
       1
       3
       3
       1
       2
       2
       2
       5
       2
       3
       5
       2
       2
       3
       2
       3
       3
       0
       2
       1
       4
       3
       1
       4
       1
       3
       0
       3
       0
       2
       0
       0
       1
       4
       5
       3
       1
       2
       0
       2
       3
       2
       1
       0
       1
       2
       5
       1
       2
       2
       2
       1
       1
       0
       1
       1
       3
       0
       2
       1
       0
       3
       3
       3
       1
       0
       2
       2
       0
       4
       3
       4
       3
       2
       3
       4
       2
       2
       4
       1
       3
       2
       2
       0
       1
       1
       1
       1
       3
       0
       2
       3
       0
       4
       1
       2
       4
       1
       1
       3
       2
       1
       1
       2
       6
       1
       0
       3
       1
       1
       2
       1
       1
       2
       1
       2
       1
       4
       1
       3
       1
       3
       2
       2
       0
       0
       3
       5
       2
       1
       0
       1
       2
       0
       5
       0
       5
       3
       0
       2
       1
       1
       1
       1
       0
       0
       2
       3
       0
       2
       2
       2
       0
       0
       3
       1
       3
       3
       2
       0
       2
       1
       3
       3
       6
       0
       0
       1
       2
       0
       0
       2
       1
       4
       0
       2
       1
       3
       1
       4
       4
       1
       3
       0
       3
       0
       2
       3
       0
       0
       0
       0
       0
       0
       0
       0
       0
       0
       0
       0
       0
       0
       0
       0
       0
       0
       0
       0
       0
       0
       0
       0
       0
       0
       0
       0
       0
       0
       0
       0
$ROI:
4
420 583
812 1137
1163 1426
1440 1632
$PRESETS:
Real Time
120
0
$ENER_FIT:
51.257332 0.808399
$MCA_CAL:
3
5.125733E+001 8.083990E-001 0.000000E+000 keV
$SHAPE_CAL:
3
5.476517E+001 3.156971E-002 0.000000E+000
