$SPEC_ID:
No sample description was entered.
$SPEC_REM:
DET# 1
DETDESC# W8481130 Model 928 SN 14338159
AP# Maestro Version 7.01
$DATE_MEA:
05/05/2023 15:12:46
$MEAS_TIM:
99 100
$DATA:
0 2047
       0
       0
       0
       0
       0
       0
       0
       2
      13
      32
      20
      18
      18
      11
       6
      10
      10
      18
      11
       6
      12
      12
      11
      18
      13
      13
      16
      11
       8
      17
      13
       8
       6
      10
       9
      12
       9
      14
       6
       9
       5
       5
      15
       8
       9
       5
       7
      14
      11
       6
      10
       8
       8
      11
       9
       7
       7
       6
      10
      10
       4
       9
       8
      15
      12
       6
      14
      15
      17
      16
      20
      13
      13
      19
      14
      25
      13
      22
      14
      19
      25
      19
      22
      17
      16
      20
      23
      17
      14
      17
      12
      14
      22
      23
      19
       7
      13
      19
      15
      21
      11
      10
      10
      18
      12
      13
      13
      20
      19
      12
      12
      10
      11
      16
      18
       7
      15
       9
       6
      21
       7
      16
      12
      14
      15
      19
      14
      11
       9
      11
      16
      18
      16
       8
      14
      18
      14
      13
      10
      10
       8
      18
       8
       9
      15
      15
      18
      17
      17
      14
       8
      15
      20
      10
      15
      19
      13
      23
      10
      14
      25
      18
      11
      16
      19
      16
      20
       7
      12
      17
      19
      11
      17
      22
      24
      13
      18
      16
      13
      13
      13
      17
      17
      12
      15
      20
      18
      18
      14
      16
      22
      16
      14
      15
      22
      17
      15
      12
      16
      22
      11
      12
      17
      22
      18
      12
      18
      22
      23
      14
      13
      25
      10
      18
      18
      13
      14
      21
      16
      13
      17
      23
      13
      20
      16
      20
      25
      10
      20
      20
      21
      19
      13
      19
      14
      13
      25
      18
      16
      23
      19
      18
      19
      20
      20
      18
      15
      20
      15
      21
      24
      17
      28
      21
      14
      14
      13
      18
      18
      22
      11
      13
      13
      18
      17
      19
      13
      18
      17
      14
      19
      22
      18
      22
      16
      22
      19
      14
      15
      17
       9
      14
      12
      17
      19
      12
      22
      18
      14
      14
      19
      15
      12
      15
      24
      14
      23
      17
      14
      24
      27
      20
      27
      17
      18
      17
      19
      12
       9
      19
      15
      16
      13
      17
      11
      14
      12
      17
      16
      13
      13
      11
      18
       9
      13
      21
      17
      13
      18
      12
      17
      11
      13
      15
      13
      11
       9
       9
      14
      13
       7
      13
      12
      15
      15
      15
      11
      11
      17
      11
      20
      15
      26
      11
      21
      19
      13
      13
      12
       9
      13
       9
      11
      12
      15
      19
      15
      14
      10
      14
      10
      12
      10
      18
      16
      15
      14
      15
      11
      11
       7
      14
      12
      16
      17
      11
      16
      12
      22
      12
       7
      12
      14
      14
       8
      13
      11
      13
      13
       8
      10
      15
      13
      10
       7
       8
      13
       9
      19
      15
      13
      10
      17
       4
      12
      14
       4
       9
      11
      10
      14
      13
      12
       6
      12
       8
      15
       9
      10
      11
      16
      12
       9
      10
      13
      13
      15
       7
      17
       7
       6
      10
      13
      12
      13
      11
       7
      13
      11
       8
       7
      11
       9
       8
       8
       5
      12
      17
      11
       9
      12
      18
       8
       6
      11
       8
       9
       7
       9
      15
       9
      12
       7
      11
      10
      12
       5
       6
       6
       4
      15
      10
       8
      13
      11
       7
      14
      17
      10
      16
       8
       6
      14
       6
       9
       8
       7
      12
       8
      12
      11
      11
      16
      10
      13
      11
      11
       8
       6
      15
      11
      10
       3
      10
       7
       6
       4
      17
      10
      10
       9
      13
       9
       6
       5
       9
      11
      12
       7
       7
       9
       8
       8
      13
       6
      10
      12
       8
       7
       7
       9
      16
       8
       5
       9
      11
      11
      10
       8
      10
      12
      17
       9
       7
       5
      11
      13
       8
      10
       7
      11
       5
       7
       6
       7
       5
       7
       6
      12
       5
      18
      10
       7
       8
       5
      10
       8
       6
       6
       5
      10
      14
       8
      11
      11
       9
       9
       8
       4
       9
       5
      14
       9
      16
       6
       9
       3
       4
      13
      12
      12
       7
       6
       6
       8
       5
       8
       8
       6
       3
       8
       5
       6
       8
       6
       9
       9
       8
       8
       8
       6
       8
      11
      11
       9
       6
      13
      13
       8
      10
       6
      11
      14
       4
      10
       6
      10
      13
       7
       8
      10
       7
      12
       7
       4
      10
       7
      12
       7
       4
      10
      14
      15
       4
       4
       6
      13
      10
       8
       6
       4
      16
       9
      10
      10
       3
       9
       7
       4
       5
       6
       8
       9
       6
       9
      14
       8
       4
      10
       5
       6
       9
       8
       7
       7
       4
       9
       7
      12
      13
       9
       3
       9
      12
       8
      10
      12
       7
      11
       9
       9
       9
       4
       4
       8
       9
       8
      12
       7
       9
       8
       6
       3
      10
       4
       2
       8
       3
       7
       9
       3
       6
       4
       6
       6
       9
       3
      11
       7
      14
       2
       2
       7
       9
       9
       7
       6
       8
       9
       5
       7
       7
       8
       5
       8
       6
       5
       6
       3
       7
       6
       2
       6
      11
       5
       7
       6
       7
       6
       6
       6
      12
      12
       6
       8
       5
       3
       6
       6
       7
       7
       9
       2
       7
      10
       5
       4
      11
       3
       4
       6
       8
       8
       7
       9
       9
       4
       3
       4
       3
       5
       7
       3
       2
       5
       6
       8
       3
       6
       6
       2
       2
       8
       4
       4
       5
       2
       7
       2
       5
       3
       9
       7
       9
       4
       3
       3
       6
       5
       1
       5
       3
       4
       4
       4
       6
       7
       9
       3
       6
       4
       4
       8
       3
       3
       2
       4
       4
       3
      10
       8
       5
       8
      10
       6
       2
       3
       7
       4
       8
       3
       4
       7
       7
       5
       4
       5
       4
       8
       5
       8
       3
       5
       7
       5
       5
       3
       5
       4
       2
       5
      12
       7
       4
       4
       3
       3
       3
       4
       6
       4
       6
       4
       8
       4
       1
       4
       6
       3
       6
       3
       8
       4
       1
       6
       7
       6
       8
       7
       7
       5
       3
       4
       5
       5
       4
       6
       8
       4
       7
       6
       5
       2
       6
       6
       4
       6
       3
       6
      10
       8
       6
       8
      10
       8
       5
       9
      10
      11
       8
       8
       8
       9
       4
       5
       7
       8
      10
       8
       4
       9
       5
       6
      13
      10
      13
       8
      12
      11
       7
       5
      13
      12
      15
       8
       9
      11
      11
       6
       8
       8
      15
      10
      16
      10
       7
      12
       6
       8
      14
      13
      11
      18
       9
       8
      10
      13
      11
       7
      11
      10
       9
      12
      10
      12
      13
      11
       7
      14
      16
      12
      12
      16
      19
      11
      22
      11
      12
      15
      19
      10
       8
      13
      18
      20
      11
      10
       8
      10
      16
       9
      12
      16
      14
      13
      17
      17
      15
      16
      16
      13
      15
      16
       8
      10
       7
      11
      12
      14
      16
      11
       6
      18
      14
      11
      13
      12
      11
       6
      17
      11
      11
       9
      10
      10
       6
       8
      12
      10
       9
      16
       6
       7
       9
       7
      13
       9
       8
       6
       7
      11
       7
       9
       8
      10
      11
      12
       7
       7
       2
       3
       6
       4
       5
       5
       7
       4
       4
       3
       2
       1
       5
       2
       9
       7
       4
       8
       4
       3
       7
       6
       2
       8
       3
       5
       3
       0
       6
       5
       7
       4
       3
       2
       4
       2
       1
       3
       2
       4
       3
       5
       5
       4
       1
       7
       5
       3
       4
       5
       4
       1
       1
       1
       4
       5
       5
       3
       1
       5
       4
       7
       4
       1
       2
       3
       4
       4
       6
       9
       4
       3
       7
       3
       2
       2
       8
       4
       1
       3
       3
       4
       7
       6
       1
       2
       2
       3
       6
       5
       4
       2
       6
       6
       7
       3
       2
       3
       2
       2
       3
       5
       1
       7
       3
       2
      10
       3
       6
       4
       3
       5
       2
       3
       1
       8
       2
       8
       7
       1
       2
       2
       9
       4
       4
       2
       3
       2
       4
       1
       3
       3
       5
       9
       1
       5
       4
       2
       5
       6
       7
       3
       5
       3
       2
       6
       2
       5
       5
       5
       4
       3
       5
       8
       5
       3
       3
       6
       3
       7
       2
      11
       4
       2
       2
       1
       3
       5
       4
       2
       2
       2
       4
       7
       1
       4
       2
       5
       5
       2
       3
       4
       8
       1
       3
       2
       1
       4
       3
       2
       2
       9
       3
       0
       2
       3
       1
       3
       2
       3
       3
       1
       4
       3
       2
       4
       3
       3
       2
       2
       1
       3
       1
       4
       6
       3
       3
       3
       0
       1
       1
       2
       0
       1
       0
       3
       3
       0
       2
       2
       2
       2
       1
       5
       3
       1
       0
       2
       2
       3
       1
       1
       1
       2
       2
       0
       1
       1
       0
       4
       2
       2
       2
       0
       1
       1
       0
       2
       1
       2
       1
       2
       1
       0
       0
       1
       0
       2
       1
       2
       3
       0
       0
       0
       0
       0
       1
       0
       2
       1
       0
       2
       0
       0
       0
       1
       0
       0
       1
       0
       1
       0
       1
       0
       1
       2
       0
       1
       0
       0
       0
       0
       0
       1
       1
       1
       1
       0
       1
       1
       0
       0
       1
       0
       0
       0
       0
       0
       0
       1
       0
       2
       0
       1
       0
       0
       0
       0
       0
       2
       2
       0
       0
       0
       0
       0
       0
       1
       2
       1
       0
       0
       1
       0
       1
       1
       0
       1
       3
       0
       0
       0
       2
       1
       1
       0
       0
       0
       1
       0
       3
       3
       0
       0
       1
       0
       1
       1
       1
       0
       0
       0
       1
       1
       0
       1
       0
       0
       0
       0
       1
       1
       0
       0
       1
       0
       0
       1
       1
       2
       1
       0
       0
       0
       0
       0
       1
       0
       0
       0
       0
       0
       0
       1
       0
       0
       0
       0
       1
       0
       1
       0
       0
       1
       1
       0
       0
       0
       0
       1
       0
       1
       0
       1
       0
       0
       0
       0
       0
       0
       0
       0
       0
       0
       0
       0
       0
       1
       0
       0
       1
       0
       1
       0
       0
       0
       1
       0
       0
       1
       1
       0
       1
       0
       1
       1
       1
       0
       0
       0
       0
       0
       1
       1
       1
       1
       1
       1
       2
       0
       0
       0
       0
       0
       0
       0
       0
       1
       0
       3
       0
       0
       0
       0
       0
       0
       1
       1
       1
       1
       0
       2
       2
       0
       0
       0
       1
       0
       0
       0
       0
       0
       0
       0
       0
       1
       0
       0
       2
       0
       0
       1
       3
       1
       1
       2
       1
       0
       1
       0
       0
       0
       0
       1
       1
       0
       0
       0
       1
       0
       1
       1
       0
       1
       0
       0
       1
       1
       3
       2
       1
       0
       0
       1
       0
       0
       0
       0
       1
       0
       1
       0
       0
       0
       1
       0
       0
       2
       1
       0
       0
       0
       0
       0
       0
       1
       0
       1
       1
       2
       1
       0
       0
       1
       0
       0
       0
       2
       0
       0
       1
       0
       0
       0
       0
       0
       0
       1
       2
       0
       0
       3
       1
       1
       0
       1
       0
       0
       1
       0
       0
       0
       1
       1
       0
       0
       1
       0
       0
       0
       0
       2
       1
       1
       0
       1
       0
       0
       0
       0
       2
       0
       1
       1
       0
       1
       0
       2
       0
       0
       0
       1
       2
       0
       0
       2
       1
       0
       0
       0
       2
       0
       2
       0
       1
       1
       2
       0
       0
       0
       0
       0
       0
       0
       0
       0
       0
       2
       0
       2
       2
       0
       0
       1
       1
       1
       1
       1
       0
       0
       1
       0
       0
       0
       2
       0
       2
       1
       0
       1
       0
       1
       0
       1
       0
       1
       0
       0
       0
       0
       0
       0
       1
       1
       0
       0
       0
       0
       0
       0
       0
       0
       0
       0
       2
       0
       2
       0
       1
       0
       0
       0
       0
       0
       0
       0
       0
       0
       0
       0
       0
       0
       0
       0
       0
       1
       0
       0
       1
       0
       1
       0
       1
       0
       0
       0
       0
       0
       0
       0
       1
       0
       0
       0
       0
       0
       0
       0
       0
       0
       1
       0
       0
       0
       0
       0
       0
       0
       0
       0
       0
       0
       1
       0
       1
       0
       1
       0
       0
       0
       1
       0
       0
       0
       0
       0
       0
       0
       0
       0
       0
       0
       0
       0
       0
       0
       1
       1
       0
       0
       0
       0
       0
       0
       0
       1
       1
       0
       0
       1
       0
       0
       0
       0
       0
       0
       0
       0
       1
       0
       0
       0
       0
       0
       0
       0
       0
       1
       1
       0
       0
       0
       0
       0
       1
       1
       0
       0
       0
       1
       1
       1
       0
       2
       0
       0
       0
       0
       0
       0
       0
       0
       0
       0
       0
       1
       0
       1
       0
       0
       0
       0
       0
       0
       1
       2
       0
       0
       0
       0
       0
       0
       0
       0
       1
       0
       0
       0
       1
       0
       1
       1
       1
       0
       0
       0
       0
       0
       0
       1
       0
       0
       0
       0
       0
       0
       0
       0
       0
       0
       0
       0
       0
       0
       0
       0
       1
       1
       0
       0
       0
       0
       0
       0
       0
       0
       0
       0
       0
       0
       1
       0
       0
       0
       0
       0
       0
       1
       0
       0
       0
       0
       0
       0
       0
       0
       0
       0
       0
       3
       0
       0
       0
       0
       0
       0
       1
       0
       0
       0
       0
       1
       1
       0
       0
       1
       0
       0
       0
       0
       0
       0
       0
       0
       0
       0
       0
       0
       0
       0
       0
       0
       0
       0
       0
       0
       0
       0
       0
       0
       0
       0
       0
       0
       0
       0
       0
       0
       0
$ROI:
0
$PRESETS:
Real Time
100
0
$ENER_FIT:
51.257332 0.808399
$MCA_CAL:
3
5.125733E+001 8.083990E-001 0.000000E+000 keV
$SHAPE_CAL:
3
5.476517E+001 3.156971E-002 0.000000E+000
