$SPEC_ID:
No sample description was entered.
$SPEC_REM:
DET# 1
DETDESC# W8481130 Model 928 SN 14338159
AP# Maestro Version 7.01
$DATE_MEA:
05/05/2023 14:07:15
$MEAS_TIM:
119 120
$DATA:
0 2047
       0
       0
       0
       0
       0
       0
       0
       1
      68
      95
      81
      50
      45
      33
      27
      33
      32
      22
      25
      31
      29
      23
      15
      15
      19
      21
      19
      24
      22
      21
      26
      20
      18
      23
      19
      17
      19
      16
      15
      16
      13
      14
      15
      13
       9
      18
      20
      19
      15
      23
      17
      26
      14
      18
      10
      21
      18
      20
      15
      16
      16
      20
      39
      21
      17
      25
      21
      15
      30
      37
      20
      20
      34
      43
      30
      40
      38
      33
      30
      31
      40
      35
      43
      28
      34
      41
      43
      40
      43
      33
      50
      38
      40
      38
      36
      31
      40
      46
      29
      32
      35
      31
      32
      26
      31
      19
      25
      22
      26
      32
      26
      19
      38
      26
      30
      22
      16
      18
      17
      31
      23
      27
      21
      17
      20
      20
      19
      18
      19
      20
      30
      14
      29
      24
      28
      22
      29
      21
      18
      25
      30
      20
      28
      26
      24
      24
      22
      23
      20
      21
      30
      18
      27
      21
      23
      25
      25
      28
      24
      28
      23
      26
      32
      30
      26
      31
      24
      17
      27
      27
      24
      31
      26
      24
      29
      24
      20
      22
      28
      31
      25
      28
      30
      26
      22
      22
      20
      28
      26
      24
      30
      30
      18
      18
      30
      15
      33
      24
      23
      26
      27
      27
      32
      30
      32
      25
      25
      25
      30
      27
      31
      29
      30
      31
      36
      31
      32
      33
      28
      35
      27
      27
      20
      27
      32
      29
      19
      29
      40
      34
      23
      21
      26
      42
      29
      23
      29
      33
      36
      27
      22
      31
      27
      28
      27
      35
      33
      39
      33
      37
      33
      29
      22
      26
      36
      47
      25
      27
      31
      33
      31
      31
      25
      22
      26
      22
      34
      29
      26
      25
      35
      42
      29
      40
      30
      44
      33
      33
      30
      29
      20
      24
      30
      36
      22
      29
      26
      29
      30
      34
      35
      20
      34
      27
      21
      28
      21
      39
      27
      28
      30
      30
      27
      31
      29
      31
      15
      23
      33
      33
      35
      25
      34
      26
      30
      27
      20
      30
      33
      33
      26
      27
      33
      36
      37
      37
      32
      21
      29
      28
      23
      25
      22
      35
      36
      21
      21
      27
      31
      30
      24
      35
      28
      32
      37
      22
      28
      31
      21
      31
      34
      31
      33
      28
      35
      20
      28
      24
      25
      22
      29
      25
      24
      37
      37
      27
      28
      20
      36
      23
      25
      26
      25
      25
      31
      34
      23
      35
      34
      32
      28
      28
      22
      23
      30
      19
      27
      24
      20
      31
      33
      24
      29
      24
      24
      29
      17
      25
      22
      16
      23
      30
      23
      27
      22
      26
      23
      25
      25
      28
      25
      29
      27
      23
      27
      19
      26
      22
      25
      23
      30
      22
      19
      18
      24
      26
      14
      32
      30
      30
      28
      32
      27
      25
      30
      18
      20
      24
      22
      17
      23
      29
      22
      27
      35
      32
      27
      29
      25
      29
      23
      24
      23
      26
      24
      30
      20
      24
      22
      20
      24
      18
      28
      19
      20
      29
      25
      14
      21
      26
      20
      26
      22
      20
      23
      21
      20
      25
      30
      25
      30
      13
      20
      21
      15
      27
      24
      27
      25
      24
      21
      22
      19
      21
      32
      23
      24
      23
      28
      28
      19
      20
      23
      27
      29
      16
      19
      28
      22
      21
      18
      16
      27
      22
      23
      23
      23
      22
      17
      18
      16
      20
      17
      18
      20
      18
      13
      24
      19
      21
      26
      12
      20
      16
      14
      21
      22
      20
      15
      25
      17
      22
      13
      19
      15
      20
      22
      25
      26
      17
      25
      15
      26
      21
      20
      21
      24
      21
      17
      13
      25
      15
      22
      17
      16
      23
      25
      21
      24
      15
      27
      25
      23
      24
      29
      18
      24
      18
      19
      29
      25
      19
      18
      18
      27
      26
      17
      21
      24
      16
      21
      22
      21
      31
      20
      15
      20
      16
      20
      22
      15
      22
      12
      20
      24
      22
      21
      17
      20
      14
      24
      23
      20
      20
      21
      24
      21
      15
      18
      21
      17
      33
      14
      25
      17
      24
      25
      20
      14
      15
      18
      13
      18
      18
      29
      17
      20
      19
      13
      16
      28
      15
      30
      14
      12
      17
      16
      20
      20
      25
      32
      18
      18
      20
      19
      19
      27
      19
      20
      17
      18
      16
       6
      16
      16
      19
      17
      19
      21
      14
      21
      17
      15
      21
      20
      18
      15
      22
      14
      20
      12
      20
      19
      23
      21
      21
      20
      18
      17
      16
      16
      13
      14
      20
      15
      25
      12
      18
      21
      10
      16
      16
      12
      20
      21
      21
      20
      16
      11
      16
      16
      24
      24
      12
      12
      14
      18
      14
      14
      16
      16
      17
      16
      21
      12
      21
       8
      16
      14
      14
      23
      16
      10
       7
      15
      20
      12
      18
      11
      15
       9
      14
      13
      14
      12
      17
      14
      13
      18
       9
      12
      12
      13
      13
      15
      10
      17
       8
      10
      14
      14
       7
      10
       8
      17
       9
      21
      16
      13
      10
       9
      12
       5
       8
      14
       6
      13
       5
       5
      16
      12
       6
       8
      10
       7
      14
      10
      10
      12
       8
      12
       8
       8
       5
      11
      12
      14
       8
      10
       8
       7
       9
      11
       9
       8
      13
      11
      11
      15
       4
      12
       6
       3
       6
       6
       7
       8
       5
       9
      13
       6
       8
      10
       1
      10
       8
      11
       4
       5
       5
       3
       5
       5
       8
      13
      14
      13
       6
       4
       3
       7
      10
       5
       4
      12
      10
       8
       7
       5
       5
       8
       5
      10
       8
       3
       2
       8
       9
       7
       9
       8
       6
       7
       6
       6
       3
      13
       6
       8
       5
      11
       8
       8
       4
       8
       7
       9
       9
       7
       9
       6
       9
       6
       4
       6
       7
      12
      11
       9
       7
       5
       9
      11
       9
       7
       4
       9
       8
       7
       7
       6
      14
      11
       9
      10
       8
       6
      14
      11
      11
       9
      12
      13
      14
      10
      11
      10
      13
      12
      10
      15
      13
      10
       9
      20
      12
      15
       8
      12
      13
      17
      14
      18
      14
      14
      14
      16
      17
      17
      15
      15
      25
      18
      18
      18
      22
      19
      20
      12
      24
      15
      20
      27
      33
      23
      15
      24
      31
      25
      23
      17
      29
      30
      32
      25
      19
      30
      23
      30
      25
      32
      33
      28
      30
      33
      28
      27
      27
      33
      30
      33
      34
      32
      36
      31
      33
      37
      42
      33
      38
      34
      39
      35
      38
      30
      47
      39
      35
      39
      42
      40
      41
      32
      42
      42
      33
      44
      36
      35
      42
      31
      39
      31
      26
      38
      38
      36
      48
      46
      40
      41
      52
      47
      37
      41
      38
      40
      26
      44
      33
      36
      41
      47
      43
      40
      46
      45
      37
      30
      38
      44
      35
      34
      40
      44
      26
      37
      41
      30
      32
      35
      40
      35
      39
      34
      37
      16
      30
      23
      23
      25
      20
      22
      23
      19
      25
      31
      12
      23
      25
      15
      19
      23
      23
      17
      23
      19
      17
      23
      13
      25
      14
      13
      21
      12
      11
      16
      21
      17
      19
      11
      14
      15
      10
      19
      14
      15
      16
       4
       8
      12
      14
      13
      12
       8
      16
      10
       5
      10
      11
       7
       6
      10
      11
       6
       9
       6
      14
      12
       7
       8
       8
      10
       7
       9
       8
       5
       7
      11
       9
      10
       9
       2
       4
       3
       4
       7
       4
       2
       2
       6
       9
       7
       7
       6
       2
      11
       4
       8
       6
       7
       7
       8
       4
       0
       5
       6
       3
       6
       6
       3
       3
       3
       6
       6
       5
       4
       3
       5
       4
       3
       2
       4
       0
       2
       7
       3
       7
       4
       5
       4
       4
       1
       2
       7
       6
       2
       7
       6
       4
       1
       3
       6
       3
       5
       5
       0
       2
       1
       5
       5
       2
       3
       2
       4
       4
       4
       4
       2
       1
       1
       4
       1
       2
       0
       3
       2
       2
       4
       3
       3
       4
       1
       2
       2
       6
       1
       1
       3
       1
       6
       1
       5
       0
       4
       2
       1
       2
       0
       8
       1
       3
       4
       0
       1
       3
       2
       4
       3
       3
       1
       3
       2
       3
       2
       3
       5
       1
       0
       3
       0
       1
       2
       1
       6
       1
       3
       4
       3
       5
       1
       3
       1
       4
       3
       2
       1
       1
       4
       3
       4
       3
       3
       3
       3
       2
       3
       2
       3
       1
       1
       2
       3
       2
       1
       3
       2
       2
       2
       4
       0
       2
       3
       1
       3
       3
       4
       4
       4
       0
       1
       5
       1
       1
       0
       4
       0
       3
       2
       0
       2
       4
       3
       4
       2
       0
       3
       4
       1
       3
       1
       4
       1
       1
       4
       1
       2
       6
       3
       2
       2
       4
       3
       3
       4
       2
       0
       1
       0
       1
       6
       2
       3
       0
       3
       5
       1
       2
       2
       3
       1
       3
       2
       0
       1
       0
       4
       0
       1
       2
       1
       4
       3
       4
       3
       3
       3
       1
       4
       3
       0
       0
       2
       1
       1
       2
       4
       1
       4
       3
       0
       3
       1
       2
       2
       2
       2
       3
       5
       2
       1
       3
       0
       4
       2
       2
       4
       2
       4
       3
       2
       1
       1
       1
       2
       1
       3
       2
       3
       1
       3
       1
       2
       1
       1
       4
       4
       4
       3
       1
       1
       1
       1
       1
       2
       5
       2
       3
       1
       2
       2
       4
       2
       2
       5
       1
       3
       1
       3
       2
       1
       3
       3
       2
       1
       4
       2
       1
       3
       4
       1
       2
       1
       1
       2
       1
       1
       0
       2
       5
       0
       1
       4
       4
       4
       0
       0
       5
       2
       3
       2
       3
       1
       2
       2
       0
       2
       2
       1
       2
       1
       2
       2
       3
       5
       1
       6
       1
       1
       1
       1
       3
       3
       3
       1
       3
       0
       3
       2
       2
       1
       1
       3
       1
       3
       3
       1
       2
       6
       1
       4
       2
       4
       0
       2
       3
       2
       4
       4
       4
       2
       1
       2
       4
       3
       1
       5
       2
       4
       4
       3
       3
       8
       4
       2
       5
       1
       1
       3
       3
       1
       5
       3
       5
       4
       3
       2
       2
       2
       1
       8
       2
       3
       2
       0
       3
       1
       3
       1
       1
       1
       2
       1
       3
       0
       4
       2
       1
       1
       1
       1
       2
       3
       4
       1
       3
       1
       0
       5
       1
       3
       2
       3
       2
       5
       5
       0
       3
       3
       4
       3
       1
       3
       1
       2
       0
       2
       3
       3
       2
       1
       3
       2
       2
       3
       4
       1
       3
       3
       1
       2
       4
       2
       2
       4
       4
       5
       2
       2
       3
       2
       4
       2
       1
       1
       3
       1
       3
       4
       3
       3
       3
       4
       2
       0
       6
       2
       4
       3
       0
       4
       5
       0
       4
       5
       4
       4
       8
       3
       5
       3
       1
       5
       3
       3
       1
       2
       4
       5
       3
       0
       2
       2
       2
       1
       3
       2
       5
       1
       1
       2
       3
       2
       1
       4
       2
       3
       1
       4
       5
       4
       2
       1
       4
       1
       2
       2
       4
       5
       2
       2
       2
       3
       5
       2
       1
       3
       2
       2
       1
       3
       3
       0
       2
       2
       3
       5
       3
       6
       3
       3
       2
       7
       4
       0
       1
       2
       2
       4
       4
       3
       6
       3
       2
       2
       4
       1
       1
       0
       4
       1
       6
       2
       3
       5
       3
       2
       5
       0
       2
       2
       2
       0
       2
       4
       0
       3
       2
       1
       3
       2
       4
       5
       0
       2
       1
       2
       3
       3
       1
       3
       4
       6
       5
       2
       0
       3
       0
       1
       2
       5
       3
       2
       3
       0
       2
       2
       0
       2
       3
       0
       2
       6
       3
       3
       2
       0
       4
       4
       1
       3
       0
       1
       2
       2
       0
       3
       4
       1
       2
       3
       1
       1
       0
       1
       2
       1
       1
       0
       3
       1
       2
       5
       4
       4
       1
       4
       0
       0
       0
       1
       1
       1
       3
       5
       3
       3
       2
       2
       3
       3
       3
       2
       1
       2
       1
       3
       2
       3
       0
       5
       3
       1
       2
       1
       2
       4
       3
       2
       1
       4
       1
       0
       1
       1
       3
       2
       2
       4
       4
       0
       2
       1
       1
       1
       3
       3
       0
       2
       5
       1
       1
       3
       3
       2
       1
       3
       1
       1
       3
       0
       2
       3
       4
       4
       2
       3
       1
       2
       1
       0
       0
       2
       1
       1
       2
       1
       3
       1
       1
       1
       5
       2
       2
       3
       6
       3
       0
       1
       2
       0
       1
       1
       1
       1
       2
       4
       2
       2
       3
       3
       1
       3
       1
       1
       0
       2
       1
       0
       5
       4
       2
       2
       6
       2
       2
       0
       2
       3
       0
       3
       0
       0
       1
       1
       1
       1
       2
       1
       0
       5
       1
       1
       1
       1
       1
       0
       3
       1
       1
       0
       3
       2
       2
       1
       1
       1
       3
       1
       1
       3
       2
       1
       4
       3
       1
       3
       0
       1
       0
       2
       2
       3
       2
       0
       3
       3
       2
       3
       1
       2
       2
       1
       4
       2
       3
       5
       4
       4
       1
       2
       3
       3
       0
       1
       2
       0
       0
       0
       0
       0
       0
       0
       0
       0
       0
       0
       0
       0
       0
       0
       0
       0
       0
       0
       0
       0
       0
       0
       0
       0
       0
       0
       0
       0
       0
       0
       0
$ROI:
4
420 583
812 1137
1163 1426
1440 1632
$PRESETS:
Real Time
120
0
$ENER_FIT:
51.257332 0.808399
$MCA_CAL:
3
5.125733E+001 8.083990E-001 0.000000E+000 keV
$SHAPE_CAL:
3
5.476517E+001 3.156971E-002 0.000000E+000
