$SPEC_ID:
No sample description was entered.
$SPEC_REM:
DET# 1
DETDESC# W8481130 Model 928 SN 14338159
AP# Maestro Version 7.01
$DATE_MEA:
05/05/2023 13:22:04
$MEAS_TIM:
599 600
$DATA:
0 2047
       0
       0
       0
       0
       0
       0
       0
       4
     412
     671
     348
     317
     196
     185
     157
     149
     121
     102
     114
     101
     113
     101
     105
      97
     108
      89
     118
     114
     102
      99
      87
      99
     116
      95
     106
      81
      85
      86
      79
      83
      85
      87
      86
      80
      75
      78
      93
      90
      80
      73
      77
      81
      88
      95
     100
      87
      85
      84
      86
      82
      89
      89
     104
     106
     107
      98
     110
     111
     108
     106
     122
     130
     117
     124
     137
     150
     141
     145
     161
     143
     171
     150
     171
     157
     156
     162
     155
     183
     162
     172
     163
     179
     171
     187
     151
     179
     154
     129
     138
     159
     130
     118
     125
     152
     134
     130
     128
     142
     113
     111
     103
     119
     116
     101
     118
     105
     117
      90
     113
     117
      98
      93
     104
      92
     118
      95
     114
     112
     101
     114
      92
      96
     115
      98
     101
     114
      94
     117
     112
     131
     136
     116
     123
     123
     116
     119
     121
     128
     121
     139
     123
     144
     158
     151
     146
     126
     150
     124
     150
     153
     137
     136
     141
     121
     162
     178
     141
     158
     149
     140
     130
     150
     154
     158
     161
     141
     143
     132
     157
     140
     132
     121
     128
     127
     124
     112
     135
     140
     124
     104
     127
     130
     107
     112
     145
     125
     120
     118
     117
     123
     117
     120
     123
     112
     118
     141
     137
     105
     134
     122
     119
     119
     104
     135
     116
     109
     110
     146
     117
     107
     113
      97
     112
     135
     108
     119
     149
     109
     117
     121
     125
     117
     133
     115
     124
     112
     150
     130
     131
     129
     133
     121
     141
     149
     147
     127
     118
     119
     142
     126
     123
     136
     137
     111
     140
     160
     134
     131
     146
     118
     149
     143
     140
     144
     154
     141
     148
     165
     154
     116
     131
     151
     160
     131
     149
     144
     122
     149
     142
     155
     149
     125
     121
     149
     143
     170
     137
     141
     134
     142
     141
     138
     131
     119
     142
     161
     146
     132
     135
     157
     138
     124
     144
     150
     120
     133
     134
     146
     133
     148
     142
     158
     142
     137
     111
     150
     133
     129
     106
     121
     134
     148
     131
     123
     117
     139
     126
     115
     134
     132
     124
     132
     133
     131
     119
     128
     147
     133
     109
     126
     128
     126
     109
     128
     108
     117
     130
     130
     125
     118
     114
     121
     138
     116
     141
     112
     132
     124
     138
     118
     108
     131
     110
     137
     138
     138
     142
     121
     121
     127
     121
     126
     111
     118
     133
     110
     126
     125
     138
     113
     113
     106
     139
     110
     142
     115
     121
     134
     132
     129
     126
     108
     120
     108
     118
     136
     129
     115
     117
     123
     123
     111
     123
     134
     107
     132
     121
     103
     131
     130
     123
     125
     117
     148
     133
     115
     135
     139
     107
     122
     131
     104
     111
     105
      83
     122
     125
     120
     124
     123
     127
     134
     141
     135
     123
     125
     116
     126
     105
     134
     120
     134
     138
     138
     143
     132
     108
     141
     157
     138
     145
     144
     131
     158
     141
     157
     122
     142
     145
     144
     151
     165
     150
     138
     138
     175
     167
     178
     150
     170
     136
     166
     187
     176
     174
     182
     192
     165
     208
     164
     208
     217
     194
     211
     182
     199
     201
     187
     232
     183
     227
     194
     196
     198
     218
     190
     192
     224
     214
     233
     227
     234
     225
     231
     221
     180
     220
     236
     228
     226
     219
     201
     212
     187
     197
     196
     208
     209
     198
     203
     207
     203
     182
     182
     172
     180
     163
     170
     196
     189
     170
     168
     160
     156
     178
     163
     178
     170
     142
     158
     159
     137
     150
     153
     128
     153
     149
     125
     129
     129
     125
     142
     127
     113
     123
     121
     132
     113
     121
     115
     109
     100
      99
     118
     105
     110
     118
     100
     109
     106
     103
     104
      83
     102
      80
     100
     116
      91
     101
      97
     100
      84
      86
      85
      90
      95
      95
      89
      92
      89
      91
     105
      88
      84
      73
     100
      84
      95
      91
      80
      76
      92
     103
      87
      73
      85
      93
      82
      70
      69
      82
      72
      77
      73
      73
      73
      84
      66
      80
      65
      80
      76
     100
      78
      74
      89
      82
      82
      89
      88
      77
      61
      71
      68
      78
      75
      60
      72
      82
      68
      78
      69
      67
      62
      78
      68
      70
      93
      73
      73
      74
      76
      90
      65
      86
      74
      94
      80
      62
      69
      57
      64
      60
      62
      66
      89
      61
      73
      85
      72
      68
      76
      81
      58
      63
      58
      80
      76
      74
      59
      64
      89
      79
      78
      72
      59
      82
      66
      87
      66
      77
      73
      58
      64
      74
      68
      50
      60
      77
      53
      70
      61
      71
      76
      56
      60
      61
      44
      62
      66
      66
      57
      50
      53
      49
      69
      75
      59
      56
      53
      55
      63
      69
      45
      61
      53
      61
      62
      54
      55
      52
      66
      57
      72
      69
      61
      66
      51
      67
      62
      73
      49
      59
      64
      57
      68
      65
      49
      49
      66
      54
      62
      60
      64
      58
      52
      52
      55
      68
      58
      61
      71
      52
      53
      58
      59
      60
      56
      61
      60
      52
      44
      58
      50
      57
      72
      55
      64
      63
      62
      59
      58
      50
      53
      60
      57
      52
      53
      45
      55
      63
      65
      41
      57
      53
      50
      61
      67
      61
      45
      57
      56
      56
      54
      50
      52
      44
      59
      58
      54
      60
      44
      57
      54
      59
      52
      45
      50
      58
      55
      69
      47
      71
      53
      43
      55
      48
      51
      61
      51
      56
      71
      52
      66
      41
      49
      72
      56
      69
      43
      46
      43
      51
      54
      62
      58
      46
      49
      59
      44
      51
      52
      55
      54
      47
      46
      60
      50
      46
      47
      48
      54
      64
      48
      57
      47
      71
      53
      53
      51
      54
      57
      55
      59
      52
      50
      54
      54
      61
      53
      44
      63
      58
      63
      50
      65
      51
      68
      64
      50
      78
      72
      52
      69
      54
      59
      64
      56
      63
      50
      59
      51
      61
      59
      62
      50
      53
      42
      49
      62
      55
      59
      69
      70
      51
      60
      44
      59
      56
      63
      64
      52
      51
      66
      58
      65
      47
      56
      63
      51
      57
      65
      74
      64
      74
      56
      67
      57
      71
      80
      71
      90
      69
      72
      61
      73
      72
      74
      74
      64
      54
      64
      79
      64
      61
      67
      71
      67
      67
      68
      80
      66
      58
      66
      80
      71
      77
      76
      63
      64
      70
      84
      51
      76
      53
      70
      60
      60
      71
      61
      69
      63
      60
      58
      62
      75
      74
      77
      62
      78
      66
      73
      71
      78
      72
      60
      57
      71
      65
      61
      58
      60
      65
      76
      70
      70
      61
      61
      62
      59
      70
      47
      73
      62
      67
      58
      65
      56
      43
      65
      51
      54
      52
      64
      57
      63
      64
      50
      65
      57
      63
      62
      59
      52
      50
      61
      53
      57
      59
      53
      57
      61
      43
      52
      48
      42
      50
      43
      55
      62
      54
      51
      45
      52
      47
      43
      55
      49
      43
      55
      48
      55
      49
      61
      50
      49
      50
      36
      33
      55
      46
      41
      41
      40
      39
      46
      56
      50
      38
      43
      41
      37
      41
      45
      40
      49
      46
      51
      37
      39
      33
      40
      28
      38
      43
      53
      42
      48
      46
      43
      41
      39
      45
      29
      55
      34
      53
      34
      32
      39
      35
      48
      47
      50
      44
      31
      36
      51
      36
      49
      31
      31
      50
      46
      44
      24
      36
      36
      45
      49
      43
      33
      28
      42
      37
      40
      41
      48
      42
      35
      41
      44
      40
      37
      42
      47
      38
      47
      29
      34
      38
      35
      36
      47
      45
      32
      32
      45
      35
      33
      50
      55
      40
      39
      42
      50
      57
      40
      42
      37
      39
      39
      45
      47
      44
      48
      50
      41
      45
      45
      48
      46
      44
      52
      44
      49
      30
      55
      43
      48
      48
      44
      45
      39
      43
      40
      51
      47
      39
      54
      56
      55
      49
      44
      48
      50
      52
      50
      56
      55
      50
      50
      39
      56
      50
      47
      54
      52
      41
      42
      56
      58
      61
      49
      55
      47
      56
      58
      54
      51
      60
      56
      55
      52
      59
      58
      52
      64
      54
      48
      72
      62
      68
      63
      73
      56
      64
      67
      47
      47
      60
      77
      64
      52
      66
      52
      62
      58
      72
      69
      70
      83
      58
      56
      87
      70
      74
      55
      62
      73
      69
      75
      79
      75
      83
      73
      71
      85
      70
      70
      81
      77
      75
      64
      89
      82
      71
      72
      79
      79
      73
      84
      77
      83
      98
      71
      68
      59
      83
      86
      77
      83
      90
      85
      92
      94
      62
      88
      88
      79
      77
      78
      68
      81
      68
      69
      82
      64
      81
      61
      74
      71
      78
      83
      73
      76
      75
      76
      71
      81
      70
      70
      71
      74
      78
      84
      72
      84
      62
      84
      69
      66
      69
      65
      76
      83
      62
      59
      71
      69
      72
      63
      60
      60
      56
      58
      61
      58
      64
      61
      71
      56
      58
      46
      64
      45
      52
      50
      46
      41
      43
      54
      55
      52
      47
      55
      54
      40
      63
      47
      58
      62
      45
      34
      51
      51
      50
      51
      46
      38
      43
      32
      43
      48
      48
      41
      35
      45
      40
      51
      36
      43
      32
      37
      50
      37
      48
      40
      39
      46
      32
      38
      45
      36
      37
      40
      46
      42
      47
      37
      36
      25
      39
      30
      37
      34
      48
      36
      34
      45
      48
      42
      48
      55
      51
      40
      33
      48
      63
      36
      51
      44
      47
      35
      43
      36
      46
      54
      36
      42
      47
      43
      42
      51
      53
      60
      47
      50
      51
      47
      52
      44
      49
      58
      56
      52
      58
      51
      52
      58
      51
      59
      64
      64
      71
      58
      57
      57
      57
      64
      60
      54
      57
      60
      51
      64
      69
      64
      60
      57
      67
      66
      74
      64
      62
      83
      67
      60
      74
      85
      82
      75
      71
      65
      76
      79
      74
      60
      66
      74
      78
      72
      75
      75
      83
      58
      71
      72
      70
      72
      73
      72
      73
      90
      67
      83
      75
      72
      75
      74
      77
      76
      78
      74
      67
      83
      76
      78
      76
      76
      69
      89
      65
      91
      72
      76
      81
      80
      69
      93
      65
      81
      79
      69
      59
      82
      78
      72
      62
      62
      72
      74
      68
      76
      75
      68
      67
      64
      62
      68
      63
      65
      60
      53
      60
      65
      46
      60
      60
      72
      60
      58
      63
      46
      47
      67
      47
      43
      63
      54
      46
      64
      63
      64
      55
      57
      48
      56
      47
      39
      43
      42
      48
      58
      41
      44
      36
      48
      43
      40
      49
      49
      52
      39
      37
      37
      34
      38
      43
      44
      40
      33
      49
      26
      36
      44
      29
      38
      25
      33
      30
      33
      28
      26
      39
      35
      35
      25
      22
      24
      30
      30
      22
      20
      28
      23
      45
      21
      28
      24
      33
      24
      17
      20
      18
      21
      25
      24
      25
      22
      24
      18
      20
      30
      28
      23
      14
      24
      23
      16
      26
      19
      21
      17
      24
      14
      26
      30
      26
      18
      19
      20
      17
      18
      15
      21
      16
      18
      27
      17
      18
      13
      14
      17
      13
      20
      24
      15
      18
      13
      18
      12
      16
      11
      15
      16
      14
      12
      19
      14
      12
      20
      14
      14
      13
      15
      22
      13
      12
      12
      16
      15
       7
      25
      17
      20
      10
      15
      14
      17
      14
      15
      15
      21
      18
      18
      16
      16
      10
      12
      13
      17
      15
      17
      19
      17
      19
      11
      14
      15
      13
      19
      11
      10
      11
      11
      19
      12
      10
      13
      17
      15
       8
      14
      17
      10
      12
      10
       9
      12
      22
      14
      12
      17
      20
      12
      18
      12
      11
      15
      22
      13
      10
      14
      10
      16
      15
       6
      12
      16
      15
      15
      11
      15
      14
      11
       9
      13
      11
       8
      21
      14
      13
      11
      16
      11
       4
      10
       4
      14
      14
      11
       8
       8
      10
      12
      12
       8
      15
      10
      20
       7
      11
      12
      11
      11
      12
      13
      13
      12
      10
      12
       7
      15
       7
      14
      11
       6
      14
      10
       9
      14
      11
       5
       8
      10
       4
      12
       8
       6
      11
      11
       4
      11
      12
       6
       7
       4
       5
       8
      14
       6
       6
       5
      10
       8
       8
       4
       6
       4
       9
       6
       7
       8
       6
       6
      12
      11
       5
      11
       8
       8
       8
       9
       7
       8
       6
       8
       7
      15
      11
       5
       6
       9
       7
       5
       6
       7
       6
      10
       5
      12
       6
       7
       6
       4
       6
       9
       8
       9
       1
       6
       9
       8
       9
       6
       3
       7
       2
      10
       5
      10
       8
       8
       9
       3
       9
       8
       6
       5
       6
       5
      11
      10
       8
       5
       6
       8
       3
       8
       4
       6
       9
      10
       5
       8
       9
       5
       8
       8
       5
       7
       3
       4
       7
       3
      11
       7
       4
       2
       9
       1
       7
       5
       7
       5
       8
       6
       5
       7
       6
       8
       5
       6
       5
       5
       3
       8
       2
       4
       7
       5
      12
       6
       9
      10
       3
       3
      10
       6
       6
       1
       6
       4
       4
       6
       2
       8
       5
       8
       8
       5
       5
       4
      11
       8
       7
      10
       5
       5
       8
      10
       5
       4
       6
       3
       0
       0
       0
       0
       0
       0
       0
       0
       0
       0
       0
       0
       0
       0
       0
       0
       0
       0
       0
       0
       0
       0
       0
       0
       0
       0
       0
       0
       0
       0
       0
       0
$ROI:
4
420 583
812 1137
1163 1426
1440 1632
$PRESETS:
Real Time
600
0
$ENER_FIT:
51.257332 0.808399
$MCA_CAL:
3
5.125733E+001 8.083990E-001 0.000000E+000 keV
$SHAPE_CAL:
3
5.476517E+001 3.156971E-002 0.000000E+000
