$SPEC_ID:
No sample description was entered.
$SPEC_REM:
DET# 1
DETDESC# W8481130 Model 928 SN 14338159
AP# Maestro Version 7.01
$DATE_MEA:
05/05/2023 13:14:48
$MEAS_TIM:
119 120
$DATA:
0 2047
       0
       0
       0
       0
       0
       0
       0
       2
      54
      93
      50
      50
      24
      20
      20
      15
      13
       7
      14
       7
      14
      17
       8
      16
      18
      10
      12
      12
       8
      11
       9
      10
      10
      10
      11
       5
      11
       7
      10
      12
      11
      11
      10
      11
      10
       6
      10
       8
      11
       9
       7
      12
      12
      11
      10
       5
       9
       9
      12
       9
       7
      10
       9
       8
      11
      15
      15
       9
       8
      19
      16
      13
      16
      15
      17
      14
      29
      10
      21
      31
      28
      15
      23
      14
      22
      24
      31
      21
      28
      19
      24
      21
      22
      22
      20
      21
      28
      27
      17
      17
      14
      20
      24
      20
      13
      19
      22
      10
      18
      14
      13
      19
       9
      16
      15
      12
      14
      19
      12
      12
       8
      16
      10
      11
      10
      20
      14
       9
      10
      10
      19
      15
      16
      15
      14
      18
      16
      12
      16
       9
      12
      13
      23
      15
      16
      12
      13
      16
      15
      13
      16
      24
      17
      14
      18
      15
      15
      18
      10
      11
      19
      16
      16
      16
      13
      10
      13
      13
      14
       5
      10
      13
      10
      22
      16
      16
      11
      17
      15
      13
      15
      18
      26
      12
      15
      12
      12
      13
      10
      15
      12
      18
      11
      15
      10
      12
      18
      19
      30
      12
       7
      16
      26
      15
      17
      13
      14
      15
      19
      15
      13
      10
      20
      11
      13
      11
      18
      16
      14
      22
      16
      17
      14
      13
      17
      13
      12
      10
      11
      18
      14
      22
      12
      13
       8
      27
      16
      19
       3
      15
      15
      24
      14
      12
      19
      12
       9
      12
      11
      14
      13
      10
      14
      12
      15
      14
      13
      18
      10
      15
      13
      10
      25
      14
      16
      15
      13
      15
      24
      22
      12
      14
      15
      14
      20
      18
      14
      10
      10
      14
      24
      18
      12
      26
      15
      14
      14
      26
      17
      19
      15
      22
      12
      17
      13
      12
      13
      17
      16
      18
      17
      13
      17
      24
      13
      17
      22
      12
      13
      16
      11
      15
       6
      19
      11
      15
      14
      10
      19
      19
      15
      21
      18
      19
      16
      13
      10
      10
      19
      18
      13
      19
      19
      13
      13
       8
       6
      13
      16
      12
      18
      12
      22
      16
       8
      14
      10
      20
      16
      11
      14
      11
      12
      16
      18
      17
      15
      18
       8
      11
      14
      12
      15
       9
      17
      12
      14
      12
      14
      13
      16
      13
      13
      10
      16
      18
      14
      13
       7
      14
      14
      21
      14
      10
      14
      14
      16
      14
       9
      14
      10
      20
      10
       8
      14
      14
      14
      10
      16
      13
      11
      21
      19
      15
      15
      13
      19
      14
      14
      15
      12
      13
       9
      19
      13
      12
      17
      16
       9
      14
       9
       8
       6
      15
       9
      17
      14
      17
      20
      19
      13
      15
      13
       8
      11
       7
      14
       6
      13
      18
       8
       9
      12
      11
       8
      14
      11
      12
      14
      14
      10
       9
       9
      13
      13
       6
      15
      17
       5
      13
      16
      12
      15
      17
       6
      12
      18
       6
      16
      13
      13
      15
      15
      11
      13
      21
      14
      10
      10
      19
      11
      13
      10
      15
      17
      10
      12
      12
       9
      14
      12
      12
      18
      14
       9
      12
      16
      13
       9
      13
      14
       8
      10
      13
      15
       7
       7
      12
       9
      17
       9
      12
      12
      13
       6
      13
       9
      10
      10
       6
      10
       9
       8
      14
       9
       5
      19
      16
      12
      11
       5
      21
      19
       4
       8
       9
      13
      19
       9
      11
       8
       9
       7
       3
      12
       9
       9
       8
      11
      13
       7
      11
       8
      14
      11
      18
       9
       8
       7
      14
       5
       8
      12
       7
      13
       7
      11
      11
      14
       5
      13
       9
       7
      11
       7
       9
      10
      10
      12
      10
      11
      10
       9
       6
       9
       6
      11
      11
       6
      12
       7
      11
      10
       9
      14
       7
      11
      10
      14
       8
       7
      12
      18
       5
       9
       7
       9
      16
       6
      10
      12
       9
      12
       9
       8
       9
       5
      10
      10
       5
      10
       4
      14
       9
       6
       9
      12
       9
      11
      12
       7
       7
       6
       6
       9
      10
      10
      10
       8
      10
       9
      13
       7
       5
       6
       7
       5
       8
       6
       3
       7
      10
       8
      10
       8
      10
      16
       7
       7
       9
       9
      11
       7
      11
       8
      11
       2
       7
       1
       8
       4
       8
       6
       9
       6
       7
      17
       8
       8
       6
       6
      10
      10
       9
      11
       7
      12
      10
       6
       7
       9
       9
       9
       2
       8
       9
      11
       4
       8
       8
       8
       6
       7
       5
       8
       8
       5
       7
       9
       9
       5
      10
       4
       9
       6
       7
      10
       3
       4
      11
       7
       6
       7
       2
       9
      11
       9
       9
       7
       9
      13
      11
      10
       8
       9
       6
      12
      12
       6
       1
       9
       7
       3
       5
       8
       8
       4
       7
       9
       6
       3
       2
       6
       8
       5
       7
       6
       2
       8
       4
      10
       5
      11
       2
      10
       6
       7
       9
       6
       6
       6
       5
       5
       8
       4
       8
      13
       7
       8
       2
       9
       4
       7
       5
       4
       6
       8
       6
       9
       9
       5
       6
       2
       7
       7
       4
       4
       5
       7
       9
       7
       9
       8
       4
       9
       8
       7
       4
       7
       5
       5
       6
       6
       7
       4
       7
       5
       4
       5
       7
      12
       6
       8
       8
       8
       6
       5
       2
       4
       3
       6
       5
       9
       7
      15
       7
       1
       8
       4
       5
       5
       2
      11
       4
       9
       4
       7
       6
       5
       8
       5
       4
       9
       7
       4
       4
       4
       2
      10
       8
       9
       4
       6
       8
       7
       6
       2
       9
       3
       6
       6
      10
       6
       1
       5
       5
       5
       4
       2
       4
       9
       4
       8
       1
       3
       7
       3
       4
       6
      10
       7
       3
       6
       9
       7
       4
       4
       5
       6
       7
       6
       8
       4
       9
       5
       6
       7
       4
       5
       7
       5
       8
       3
       7
       3
       5
       7
       1
       3
      11
       9
       5
       4
       6
       6
       1
       7
       2
       5
      11
      12
       9
       5
       7
       7
       4
       6
       7
       5
       8
       5
       6
       4
       4
       7
       6
       6
       6
       4
       7
       5
       4
       3
       6
       6
       3
       2
       6
       5
       8
       2
       4
       2
       4
      11
       4
       8
       4
       6
       6
       6
       3
      10
       4
       6
       6
       7
       5
       5
      12
       5
       3
       7
       6
       5
       4
       5
       3
       2
       7
       6
       4
       3
      11
       5
       5
       6
       8
       5
       4
       4
       2
       7
       7
       5
       8
       7
       7
       3
      10
       6
       0
       5
       3
       4
       4
       2
      11
       2
      14
       2
       2
       3
       8
       5
       7
       6
       9
       5
       8
       8
      11
       7
       6
      11
       4
       6
       3
       6
       4
       6
       3
       4
       3
       2
       3
       5
       9
       4
       5
       5
       4
       5
      10
       8
       7
       4
       3
       3
       7
       6
       6
       3
      11
       4
       8
       6
       4
      10
      10
       6
       7
       4
      11
       8
       3
       8
       6
       5
       5
       7
      12
       2
       4
       3
       7
       6
       6
       5
       3
       3
       7
       6
       6
       2
       3
       4
       6
       8
       8
       5
       5
       4
       1
       7
      13
       6
       7
       8
       6
       5
      10
       2
       8
       7
       5
       7
       3
       5
       5
       5
       6
       5
       8
       7
       5
      12
      12
      10
       5
       2
       5
      10
       2
      10
       4
       4
       4
       2
       6
       6
       0
       9
       7
       9
       2
       5
       7
       2
       4
       0
       3
       9
       6
       7
       6
       8
       4
       3
      11
       6
       6
       7
       7
       5
       8
       8
       3
       7
       6
       9
       8
       5
       9
       6
       5
       4
       4
       8
       5
       5
      12
       4
       5
       0
      10
      11
       7
      10
       7
       3
       5
       4
       9
      10
       3
       3
       5
       7
       8
       8
       7
       9
       7
       3
       8
       5
       4
       5
       5
       4
       4
       7
       9
       8
       6
       2
       8
      11
       9
      12
       2
      10
       6
       6
       6
      10
      14
       6
       5
       3
       3
       6
       2
       6
       6
       9
      11
       8
       7
       6
       8
       6
       5
       3
       5
       7
       5
      11
       3
       8
       5
       7
       4
       7
      11
       3
       5
       9
       4
       5
       7
       7
       7
       8
       8
       6
       7
      11
       4
       4
       5
       9
       6
       8
       8
       6
      13
       6
       8
       7
       8
       4
       2
       8
       8
       6
       6
       4
       5
       5
       6
       7
       5
       7
       4
       9
       4
       4
       7
       3
       5
       7
       4
      10
       8
      10
       7
       4
       4
       6
       7
       8
       5
      13
       6
       6
       7
       4
       5
       9
       2
       6
       7
       8
       7
       8
       5
       3
       7
       4
       4
       6
       8
       9
       5
       9
       5
      10
       6
       8
       7
      13
       3
       5
       6
       8
       5
       8
      11
       4
       9
       5
       9
       9
       6
       4
       6
       5
       4
       6
       4
       5
       5
       8
       4
       6
       7
       4
       5
       9
       5
       8
       8
      10
       3
       4
       2
       7
       7
       7
       4
       3
       5
       6
       4
       5
       6
       6
       9
       4
       5
       7
       5
       4
       5
       7
       1
       4
       3
       6
       5
       2
       3
       4
       3
       5
       3
       7
       2
       2
       6
       2
       2
       3
       7
       6
       6
       4
       4
       5
       2
       5
       4
       3
       7
       4
       4
       5
       5
       3
       4
       4
       6
       3
       2
       3
       3
       8
       2
       6
       4
       2
       2
       7
       1
       2
       2
       5
       6
       4
       3
       6
       2
       5
       1
       5
       2
       3
       5
       4
       3
       0
       1
       2
       4
       4
       6
       2
       5
       1
       4
       2
       2
       2
       3
       6
       2
       2
       2
       5
       3
       1
       2
       4
       5
       0
       1
       6
       5
       6
       2
       5
       2
       0
       2
       3
       0
       0
       5
       5
       3
       1
       3
       1
       0
       2
       3
       1
       4
       4
       5
       3
       2
       5
       3
       2
       2
       4
       2
       0
       1
       3
       0
       1
       2
       2
       2
       1
       1
       1
       5
       5
       3
       4
       3
       6
       2
       2
       1
       3
       3
       2
       2
       2
       1
       2
       3
       2
       3
       5
       4
       5
       3
       6
       3
       6
       1
       3
       4
       5
       6
       5
       2
       3
       2
       9
       4
       3
       1
       3
       4
       2
       7
       6
       1
       8
       2
       7
       5
       3
       7
       2
       3
       6
      14
       7
       4
       8
       5
       6
       5
       8
       9
      12
       7
      12
       6
       6
       8
       8
       6
       6
       7
       7
      13
      10
       8
       9
      11
       5
       9
       5
       6
       5
       7
       7
       6
       9
       7
       5
       6
       6
       8
       6
       7
      12
      11
      10
       6
       5
      10
       9
      17
       7
      11
       8
      12
       7
      11
       5
       8
       7
      10
      12
       7
      14
      12
      15
      11
      23
      14
      15
      10
       6
       8
      10
      13
      10
       5
      12
      15
      11
      12
      16
      15
      19
       9
      17
      10
      16
      14
       8
      11
      15
      14
      10
      15
      11
      14
      13
      19
       7
      14
       6
      16
      12
      15
      21
      11
      12
      24
      12
      14
      13
      15
      17
       9
      12
      13
      20
      14
      16
      22
      16
      16
      16
      11
      23
      18
      11
      17
      13
      15
      16
      16
      15
      10
      12
      12
      15
      10
      14
      14
      23
       8
      10
      20
       8
      10
      18
      18
      14
      10
      12
      11
      16
      10
       9
      11
      12
       8
      12
      13
      17
      12
      11
      13
      12
      10
      10
       7
      11
      13
       9
      12
      11
      10
      12
       6
       7
       4
       5
       7
      12
      14
      10
       4
       9
      10
      10
       9
       6
      15
       9
      11
       8
       9
      11
      12
       9
       6
       9
      10
       4
       8
      12
       6
       4
       8
       3
       8
       4
       4
       6
       2
       9
       7
       5
       6
       9
       6
       5
       5
       3
       8
       4
       1
       5
      11
       0
       9
       4
       7
       6
       2
       4
       2
       4
       8
       5
       5
       5
       3
       5
       6
       4
       4
       4
       2
       3
       6
       5
       4
       3
       2
       1
       4
       0
       4
       1
       1
       0
       1
       3
       2
       5
       2
       3
       3
       0
       5
       3
       1
       0
       5
       1
       3
       3
       2
       4
       3
       2
       2
       2
       2
       1
       2
       3
       3
       3
       4
       0
       1
       2
       2
       2
       2
       4
       3
       2
       0
       2
       0
       1
       2
       2
       1
       3
       0
       1
       0
       4
       1
       0
       2
       2
       3
       1
       3
       2
       3
       2
       2
       0
       1
       1
       2
       1
       0
       3
       1
       1
       0
       2
       1
       2
       0
       0
       1
       0
       0
       2
       2
       2
       0
       2
       0
       0
       3
       1
       1
       0
       1
       0
       0
       0
       0
       0
       0
       1
       0
       0
       0
       1
       1
       0
       0
       1
       0
       0
       1
       1
       1
       2
       0
       0
       0
       1
       0
       1
       0
       1
       1
       0
       1
       1
       0
       0
       0
       0
       1
       0
       0
       0
       1
       0
       0
       1
       0
       0
       0
       0
       1
       0
       0
       2
       0
       0
       0
       0
       0
       0
       0
       1
       0
       0
       0
       0
       0
       0
       0
       0
       1
       0
       1
       0
       0
       1
       1
       0
       0
       0
       0
       0
       0
       0
       0
       0
       0
       0
       0
       0
       0
       0
       0
       0
       0
       0
       0
       0
       0
       0
       0
       0
       0
       0
       0
       0
       0
       0
       0
       0
       0
       0
       0
       0
       0
$ROI:
2
0 41
1490 1717
$PRESETS:
Real Time
120
0
$ENER_FIT:
51.257332 0.808399
$MCA_CAL:
3
5.125733E+001 8.083990E-001 0.000000E+000 keV
$SHAPE_CAL:
3
5.476517E+001 3.156971E-002 0.000000E+000
