$SPEC_ID:
No sample description was entered.
$SPEC_REM:
DET# 1
DETDESC# W8481118 Model 928 SN 14338160
AP# Maestro Version 7.01
$DATE_MEA:
03/30/2023 14:55:02
$MEAS_TIM:
30 33
$DATA:
0 2047
       0
       0
       0
       0
       0
       0
       0
       0
       0
       0
       0
       0
       0
       0
       0
     363
     330
     362
     379
     396
     396
     415
     395
     473
     389
     418
     376
     399
     368
     417
     440
     413
     414
     450
     452
     409
     406
     451
     458
     418
     430
     420
     417
     472
     433
     445
     418
     426
     417
     463
     427
     422
     467
     404
     418
     403
     424
     418
     431
     434
     427
     445
     430
     468
     415
     443
     444
     446
     443
     390
     435
     455
     422
     456
     398
     369
     423
     465
     431
     431
     443
     428
     470
     439
     447
     449
     455
     421
     441
     412
     461
     462
     465
     439
     459
     451
     423
     423
     446
     477
     456
     451
     428
     488
     431
     465
     398
     441
     405
     415
     470
     514
     447
     440
     492
     434
     469
     431
     406
     444
     453
     413
     468
     460
     432
     404
     424
     447
     434
     441
     435
     425
     471
     450
     456
     406
     421
     455
     445
     438
     431
     432
     459
     419
     432
     445
     453
     429
     418
     449
     440
     432
     447
     491
     426
     453
     454
     470
     466
     435
     464
     409
     462
     467
     437
     452
     430
     433
     427
     450
     440
     421
     437
     443
     435
     438
     428
     443
     454
     491
     412
     429
     476
     420
     432
     478
     453
     439
     419
     449
     471
     463
     462
     455
     452
     431
     472
     477
     470
     477
     503
     503
     466
     479
     478
     540
     527
     564
     560
     555
     570
     559
     622
     591
     574
     607
     595
     584
     592
     644
     569
     644
     587
     625
     591
     611
     578
     643
     631
     619
     583
     579
     622
     627
     603
     587
     594
     604
     606
     563
     611
     519
     567
     549
     555
     575
     559
     590
     589
     548
     497
     526
     506
     552
     562
     553
     534
     561
     550
     590
     554
     539
     534
     531
     533
     524
     560
     537
     574
     519
     541
     527
     552
     506
     521
     510
     517
     528
     523
     499
     489
     546
     520
     487
     535
     479
     522
     496
     492
     478
     460
     485
     470
     496
     485
     438
     499
     474
     465
     494
     497
     508
     472
     460
     462
     480
     478
     445
     471
     477
     416
     457
     468
     453
     413
     475
     437
     441
     460
     462
     459
     458
     462
     490
     460
     454
     507
     472
     444
     477
     472
     452
     440
     445
     472
     471
     462
     423
     472
     440
     447
     457
     451
     435
     441
     478
     412
     463
     451
     487
     449
     462
     448
     435
     425
     491
     443
     471
     455
     457
     447
     472
     443
     482
     520
     453
     440
     476
     464
     472
     496
     429
     457
     501
     482
     461
     468
     502
     465
     467
     435
     450
     413
     451
     426
     433
     441
     419
     399
     447
     419
     395
     390
     382
     384
     411
     355
     338
     309
     341
     319
     291
     337
     316
     308
     308
     302
     310
     312
     260
     250
     256
     218
     251
     258
     259
     235
     254
     221
     218
     203
     213
     216
     216
     218
     203
     192
     199
     217
     184
     201
     185
     194
     184
     166
     167
     178
     188
     190
     185
     179
     169
     170
     169
     162
     164
     181
     132
     170
     169
     158
     152
     162
     163
     146
     163
     138
     140
     144
     155
     153
     139
     138
     148
     128
     144
     146
     131
     130
     133
     136
     148
     133
     148
     130
     127
     138
     124
     147
     155
     158
     133
     108
     137
     140
     111
     135
     126
     130
     147
     133
     130
     130
     134
     135
     145
     131
     153
     121
     140
     133
     134
     121
     132
     122
     142
     127
     128
     119
     123
     147
     139
     135
     135
     150
     119
     139
     126
     122
     134
     133
     124
     133
     127
     143
     136
     141
     132
     133
     143
     124
     140
     126
     129
     149
     153
     137
     166
     174
     165
     153
     164
     150
     165
     160
     178
     201
     210
     205
     208
     216
     260
     254
     283
     321
     331
     315
     386
     408
     457
     470
     495
     558
     605
     652
     710
     849
     834
     934
    1016
    1067
    1152
    1250
    1319
    1491
    1511
    1575
    1775
    1878
    1921
    2059
    2240
    2320
    2611
    2641
    2718
    2855
    3047
    3169
    3280
    3319
    3517
    3620
    3850
    3877
    3949
    3992
    4278
    4196
    4345
    4301
    4392
    4462
    4618
    4502
    4516
    4477
    4463
    4517
    4411
    4338
    4278
    4116
    4168
    4013
    3850
    3674
    3734
    3483
    3334
    3291
    3168
    3047
    2803
    2730
    2491
    2318
    2292
    2092
    1995
    1839
    1718
    1600
    1414
    1343
    1289
    1155
    1121
    1027
     888
     769
     722
     709
     673
     566
     478
     461
     380
     349
     345
     315
     294
     251
     243
     212
     188
     173
     166
     167
     171
     147
     149
     141
     130
     137
     109
     128
     141
     118
     108
      95
     109
     106
      96
     103
      91
     117
     104
      99
      97
     122
      96
     106
     100
      96
     108
      98
     104
     100
      96
     107
      98
     124
      94
      77
      89
     104
      91
      99
     102
      86
      95
     118
     108
     103
     113
     113
     108
      97
      98
      94
      90
      92
     100
      97
      83
     101
      98
     101
     102
      93
     102
     100
     103
     104
      95
     104
      91
     107
     122
      86
      91
      90
     100
      92
      95
      88
      79
      81
     101
      92
      80
     102
      97
      96
      94
     101
      75
     105
      85
     107
     110
      95
      94
      82
     105
      89
     102
      92
      99
      96
      93
      85
      81
      89
     102
     100
     104
      94
      95
     103
      98
      92
      96
      96
      90
      89
     111
      92
     101
      88
      97
     109
      95
     107
      98
     112
      99
     101
     107
      99
     107
      99
     107
      99
      94
      96
      89
     100
      97
     105
     110
      92
     119
      98
      99
      81
     104
      99
     106
      93
      93
     106
     103
     108
     105
      89
      94
     122
     122
      94
     105
     105
     112
     114
     101
     132
      97
     128
     113
      89
     107
      90
     102
     102
     117
     118
     112
     118
     108
      89
     136
      96
     102
     109
      91
      94
     109
      92
      88
     111
     113
      95
      76
     100
     124
     115
     119
     108
      90
     107
     116
     100
     102
     107
     106
     100
     105
     107
     108
      97
      90
      98
     111
      92
     107
     102
     110
     109
      97
     107
     112
      99
      93
     109
      98
      94
     112
     112
     111
     103
      98
     105
      92
     110
      92
      95
      93
     106
     109
      90
     101
     113
      91
      90
      99
      98
     100
     116
      89
      90
     112
      95
      92
     107
      96
      98
      82
     100
      88
     111
     112
      95
     101
     104
      85
      83
     101
     109
     114
      84
      86
     103
      99
      93
      77
     102
      98
     124
     107
     108
     114
      89
      96
     110
      94
      84
     104
     109
      98
     104
      93
     119
     100
      89
     107
     106
      99
     102
     103
     102
      97
     103
     110
      87
      98
      89
      97
      92
     103
      97
     100
     104
      91
     104
     109
     112
     109
     103
      84
      93
      77
     106
      96
     103
     108
      94
     109
      72
     119
     112
      99
      89
     101
     120
      94
      96
     120
      84
     110
      97
     101
     109
     109
      95
     109
      79
     114
      81
      96
      88
      92
      92
     109
      83
      99
      95
      95
      93
     100
     102
      93
      94
      94
      86
      98
     103
     108
     106
      95
      93
      96
     101
     103
      90
      90
     103
      97
      97
     118
      97
     105
     101
     130
      99
      82
     112
     110
      87
      98
     101
     106
     101
      78
     102
      96
     109
      89
     111
      94
     101
     104
     121
     106
     104
      92
      98
     108
      99
     109
     103
     118
     105
      96
      91
      89
     105
      93
     111
     108
     113
     106
      99
     111
     106
      87
     103
      96
      94
     117
      98
     104
     106
     100
     102
     119
      90
     102
     122
      90
     124
     108
     112
     104
     106
      99
     107
     107
     108
     100
     101
     107
     128
      91
     111
     104
      94
     107
     121
      95
     102
      88
     114
      97
     113
     118
     113
     110
     120
     112
     109
     112
     108
     119
     112
     122
     125
     106
     105
     113
     113
     123
     105
     110
     107
     119
     105
     126
      97
     117
     126
     126
     117
     108
     116
     113
     120
     120
     106
     123
     115
     119
     112
     110
     116
     120
     105
     113
      92
     106
     120
     128
     118
     109
      92
      94
     112
     104
     100
     110
     101
     105
      89
     103
     120
     103
     108
     114
      96
     106
     105
     124
     113
     105
      96
      96
      82
      92
      83
     105
      84
      93
      91
     102
      85
     101
      93
      81
      89
      75
      74
      88
      75
      82
      79
      72
      62
      82
      76
      79
      75
      75
      70
      69
      79
      65
      76
      58
      52
      68
      66
      66
      57
      63
      68
      67
      53
      60
      53
      70
      70
      68
      55
      47
      51
      59
      57
      51
      46
      53
      39
      40
      45
      49
      47
      47
      42
      36
      49
      45
      55
      53
      35
      42
      35
      31
      44
      40
      43
      34
      37
      42
      28
      43
      42
      33
      23
      40
      37
      32
      38
      27
      26
      35
      45
      42
      41
      32
      33
      28
      32
      33
      30
      24
      34
      36
      36
      28
      29
      41
      32
      31
      39
      27
      29
      32
      20
      28
      17
      33
      22
      35
      32
      36
      31
      29
      15
      32
      21
      31
      29
      21
      25
      34
      25
      33
      22
      32
      34
      29
      25
      19
      26
      33
      30
      35
      35
      30
      17
      27
      27
      26
      32
      26
      27
      30
      29
      20
      32
      33
      24
      24
      38
      29
      22
      41
      36
      33
      38
      38
      37
      41
      32
      26
      31
      28
      33
      46
      45
      42
      34
      45
      44
      43
      40
      37
      49
      59
      54
      42
      51
      67
      51
      60
      65
      54
      77
      82
      73
      78
      85
      81
      75
      94
     105
      86
     105
     118
     115
     115
     130
     137
     141
     140
     155
     136
     169
     172
     206
     187
     193
     188
     223
     219
     208
     232
     244
     268
     256
     256
     263
     263
     299
     288
     329
     362
     357
     347
     385
     386
     435
     397
     363
     392
     409
     385
     450
     381
     468
     468
     482
     499
     515
     481
     474
     516
     506
     510
     517
     529
     509
     507
     525
     555
     588
     553
     550
     552
     533
     617
     558
     546
     533
     571
     532
     542
     541
     543
     511
     521
     510
     534
     533
     489
     444
     436
     473
     437
     442
     495
     424
     435
     404
     395
     424
     377
     388
     387
     366
     357
     363
     320
     337
     309
     292
     286
     286
     294
     265
     267
     246
     226
     221
     229
     208
     185
     198
     202
     182
     174
     146
     175
     161
     151
     136
     136
     131
     131
     114
      99
      93
      98
     104
      90
      85
      90
      69
      70
      68
      58
      74
      61
      56
      64
      51
      67
      52
      41
      60
      56
      53
      52
      50
      52
      39
      29
      46
      34
      45
      30
      46
      35
      48
      36
      31
      27
      28
      33
      31
      31
      34
      26
      29
      19
      28
      30
      30
      27
      23
      36
      24
      26
      33
      32
      32
      32
      39
      38
      28
      38
      36
      33
      36
      28
      33
      33
      26
      27
      37
      25
      25
      31
      27
      24
      37
      26
      24
      28
      32
      32
      26
      33
      29
      24
      32
      34
      21
      34
      32
      28
      38
      29
      30
      23
      34
      30
      35
      36
      31
      30
      39
      22
      23
      25
      30
      37
      35
      39
      26
      38
      34
      34
      30
      25
      31
      31
      30
      27
      24
      33
      24
      28
      34
      34
      38
      31
      39
      29
      43
      44
      37
      29
      32
      42
      34
      29
      31
      22
      28
      25
      27
      33
      31
      18
      35
      30
      35
      27
      48
      22
      24
      32
      25
      44
      30
      28
      43
      36
      36
      41
      26
      34
      32
      31
      42
      30
      35
      20
      38
      27
      29
      33
      23
      41
      26
      29
      26
      32
      22
      36
      28
      29
      33
      31
      33
      31
      31
      28
      27
      33
      34
      39
      37
      35
      25
      31
      25
      28
      33
      31
      34
      29
      38
      27
      27
      27
      28
      38
      34
      31
      35
      25
      31
      32
      25
      32
      32
      28
      28
      29
      24
      25
      37
      27
      36
      29
      28
      29
      25
      32
      31
      32
      22
      30
      26
      29
      24
      38
      23
      28
      28
      32
      25
      15
      25
      31
      29
      33
      29
      31
      31
      29
      23
      31
      25
      25
      26
      31
      37
      21
      24
      25
      15
      28
      28
      23
      24
      23
      25
      24
      34
      17
      21
      28
      21
      19
      21
      23
      34
      16
      13
      23
      19
      20
      24
      17
      32
      20
      20
      24
      26
      16
      30
      24
      13
      22
      22
      22
      27
      17
      15
      16
      32
      22
      16
      18
      26
      23
      17
      17
      24
      18
      20
      19
      19
      24
      24
      23
      28
      18
      14
      20
      17
      22
      16
       9
      16
      17
      15
      13
      17
      15
      14
       8
      14
      15
       7
      17
       7
      15
      14
      15
      11
      16
      10
      16
      12
      13
       9
      12
      15
      15
      19
      15
      14
      15
       6
      11
      10
       9
      11
      11
      12
       8
       7
       8
      11
       4
      17
      14
      13
       4
       9
       9
      11
       4
       7
       6
      15
       8
       3
       7
      16
      15
       7
       8
       6
       8
       4
       4
       5
       9
       8
       9
       4
      16
       4
       9
      11
       5
       6
       8
       5
       4
       3
      18
       7
       4
       8
       3
       8
       6
       5
      10
       8
       7
       8
      10
       2
      10
       6
       9
      11
       9
       8
       6
       4
       5
      11
       7
       9
       9
       6
       9
      10
       3
       8
       8
      13
      16
       9
       9
      11
      12
       9
       8
      11
       7
       9
       9
       9
       6
       7
      12
      12
      16
      11
      14
      11
      11
      16
       7
      18
      23
      13
      13
      12
      19
      19
      23
      25
      19
      21
      13
      26
      28
      17
      31
      24
      39
      22
      24
      36
      32
      34
      36
      41
      47
      37
      34
      32
      31
      50
      34
      45
      33
       0
       0
       0
       0
       0
       0
       0
       0
       0
       0
       0
       0
       0
       0
       0
       0
       0
       0
       0
       0
       0
       0
       0
       0
       0
       0
       0
       0
       0
       0
       0
       0
$ROI:
2
527 682
1353 1567
$PRESETS:
Live Time
30
0
$ENER_FIT:
-29.487984 0.894369
$MCA_CAL:
3
-2.948798E+001 8.943686E-001 0.000000E+000 keV
$SHAPE_CAL:
3
2.577409E+001 3.128828E-002 0.000000E+000
