$SPEC_ID:
No sample description was entered.
$SPEC_REM:
DET# 1
DETDESC# W8481118 Model 928 SN 14338160
AP# Maestro Version 7.01
$DATE_MEA:
03/30/2023 15:10:32
$MEAS_TIM:
30 30
$DATA:
0 2047
       0
       0
       0
       0
       0
       0
       0
       0
       0
       0
       0
       0
       0
       0
       0
      39
      39
      50
      45
      36
      48
      46
      52
      51
      50
      43
      53
      62
      45
      40
      47
      44
      48
      39
      56
      46
      44
      55
      53
      56
      42
      41
      58
      53
      57
      61
      66
      47
      53
      54
      44
      39
      43
      61
      50
      50
      64
      60
      45
      61
      55
      48
      61
      61
      56
      59
      68
      53
      50
      61
      62
      69
      61
      54
      58
      56
      64
      41
      66
      74
      79
      63
      75
      55
      68
      70
      70
      60
      79
      62
      76
      85
      76
      93
      88
      77
      82
      99
      80
      70
      76
      77
      64
      74
      69
      78
      64
      61
      75
      78
      83
      68
      77
      79
      84
      67
      70
      82
      79
      70
      66
      74
      67
      85
      78
      79
      78
      82
      90
      78
     102
      76
      86
      87
      84
      75
      78
      70
      76
      87
      67
      71
      69
      68
      76
      70
      77
      72
      68
      84
      77
      71
      65
      78
      78
      82
      74
      69
      68
      78
      59
      55
      76
      58
      68
      76
      67
      71
      66
      76
      74
      70
      72
      81
      77
      91
      60
      61
      81
      69
      61
      69
      77
      56
      83
      77
      66
      77
      60
      58
      86
      70
      76
      60
      59
      60
      67
      78
      67
      55
      62
      72
      76
      57
      55
      68
      66
      61
      75
      67
      68
      55
      69
      60
      69
      58
      56
      62
      49
      61
      71
      62
      72
      55
      72
      65
      61
      65
      43
      52
      64
      58
      69
      70
      63
      70
      63
      60
      54
      60
      75
      64
      68
      59
      84
      56
      74
      67
      80
      48
      80
      77
      52
      87
      80
      67
      73
      73
      78
      65
      75
      76
      78
      60
      83
      81
      81
      84
      96
      90
      82
      61
      64
      76
      79
      77
      83
      86
     102
      94
      66
      66
      97
      95
      96
      82
      84
      71
      66
      82
      93
      78
      71
      72
      67
      71
      75
      88
      66
      62
      78
      95
      68
      64
      67
      77
      69
      67
      69
      73
      86
      69
      78
      91
      80
      68
      69
      78
      77
      69
      60
      72
      55
      70
      72
      69
      70
      67
      64
      62
      61
      61
      66
      66
      55
      53
      83
      83
      61
      63
      66
      68
      74
      63
      63
      56
      68
      48
      60
      67
      70
      57
      62
      54
      65
      67
      59
      62
      49
      69
      63
      66
      63
      56
      70
      60
      66
      58
      50
      73
      71
      51
      54
      64
      47
      65
      65
      70
      53
      55
      62
      53
      51
      52
      47
      61
      56
      50
      60
      57
      57
      55
      59
      69
      62
      56
      56
      57
      47
      54
      48
      62
      49
      43
      57
      50
      44
      48
      46
      44
      51
      54
      61
      49
      45
      45
      51
      44
      53
      52
      50
      47
      52
      49
      56
      54
      56
      53
      51
      48
      54
      48
      47
      65
      56
      60
      50
      38
      49
      53
      42
      47
      50
      61
      50
      63
      41
      46
      55
      58
      40
      49
      45
      44
      41
      47
      37
      47
      49
      42
      44
      43
      40
      56
      54
      40
      54
      52
      51
      45
      56
      41
      58
      51
      49
      39
      48
      35
      57
      40
      46
      51
      52
      47
      42
      41
      60
      44
      47
      44
      35
      49
      39
      51
      32
      36
      60
      49
      43
      53
      53
      34
      54
      42
      55
      49
      52
      53
      46
      41
      49
      38
      40
      49
      47
      49
      51
      44
      56
      48
      46
      44
      36
      48
      39
      51
      47
      53
      43
      50
      59
      47
      42
      51
      47
      49
      48
      49
      40
      46
      49
      46
      37
      51
      42
      51
      51
      32
      45
      44
      45
      35
      50
      38
      46
      49
      45
      50
      39
      41
      47
      56
      41
      50
      46
      51
      63
      42
      46
      36
      45
      46
      45
      52
      45
      57
      43
      51
      48
      51
      40
      50
      47
      39
      47
      43
      53
      58
      37
      46
      46
      44
      41
      37
      51
      34
      45
      47
      55
      56
      52
      52
      43
      45
      55
      48
      49
      50
      49
      52
      47
      45
      56
      34
      50
      43
      47
      58
      44
      45
      50
      37
      43
      39
      53
      45
      41
      49
      40
      42
      52
      42
      40
      50
      59
      50
      50
      46
      51
      43
      51
      48
      45
      45
      42
      45
      44
      45
      36
      45
      38
      47
      39
      37
      43
      42
      52
      38
      38
      34
      38
      52
      35
      52
      40
      48
      38
      53
      59
      45
      39
      33
      40
      40
      38
      49
      51
      47
      33
      41
      46
      55
      49
      51
      45
      39
      55
      44
      54
      34
      46
      40
      37
      46
      42
      34
      33
      50
      41
      42
      35
      47
      46
      62
      49
      48
      46
      48
      45
      51
      33
      46
      47
      56
      44
      38
      32
      50
      42
      48
      55
      57
      49
      46
      58
      57
      49
      39
      38
      42
      53
      40
      50
      46
      35
      48
      49
      61
      48
      51
      39
      40
      50
      40
      41
      46
      51
      37
      41
      34
      57
      56
      42
      37
      35
      62
      42
      45
      33
      37
      45
      44
      47
      48
      37
      53
      39
      45
      50
      48
      50
      48
      52
      59
      45
      44
      33
      40
      45
      44
      42
      40
      56
      51
      31
      36
      45
      47
      48
      46
      38
      48
      51
      50
      41
      45
      40
      51
      32
      47
      45
      52
      65
      40
      50
      58
      43
      47
      43
      49
      33
      50
      51
      40
      47
      44
      29
      53
      48
      57
      58
      43
      43
      49
      51
      49
      42
      45
      44
      43
      45
      46
      48
      42
      53
      50
      42
      52
      33
      43
      45
      42
      40
      49
      47
      47
      54
      37
      48
      47
      57
      45
      48
      48
      51
      53
      42
      42
      58
      51
      46
      52
      46
      42
      48
      51
      48
      52
      37
      56
      37
      41
      50
      51
      50
      40
      58
      47
      46
      46
      43
      50
      54
      39
      52
      45
      50
      46
      50
      47
      63
      64
      35
      51
      48
      50
      42
      45
      54
      47
      57
      61
      47
      47
      52
      43
      54
      51
      54
      57
      54
      42
      58
      52
      51
      51
      50
      61
      50
      46
      62
      40
      52
      40
      60
      52
      40
      61
      52
      48
      60
      63
      63
      59
      55
      46
      44
      59
      44
      48
      39
      65
      41
      59
      49
      46
      51
      46
      45
      51
      57
      54
      57
      41
      50
      43
      65
      60
      46
      53
      52
      47
      56
      49
      61
      50
      37
      54
      56
      59
      56
      47
      50
      45
      66
      51
      51
      48
      45
      50
      61
      39
      49
      52
      54
      56
      54
      59
      55
      44
      63
      51
      42
      60
      63
      75
      62
      57
      52
      65
      60
      54
      55
      60
      53
      47
      61
      66
      56
      62
      56
      51
      46
      62
      64
      62
      49
      47
      62
      63
      64
      59
      49
      42
      46
      51
      44
      65
      69
      46
      58
      56
      52
      54
      61
      71
      41
      53
      49
      65
      60
      56
      58
      51
      62
      71
      51
      56
      60
      56
      49
      61
      54
      45
      54
      57
      54
      59
      61
      57
      64
      64
      60
      73
      56
      54
      57
      59
      60
      54
      56
      57
      67
      67
      58
      52
      49
      60
      67
      63
      44
      58
      62
      57
      48
      59
      58
      56
      63
      54
      55
      51
      62
      56
      52
      53
      49
      47
      50
      58
      55
      51
      50
      54
      46
      51
      51
      49
      46
      51
      52
      49
      47
      70
      52
      37
      48
      55
      53
      41
      35
      62
      37
      42
      34
      46
      40
      51
      45
      48
      34
      37
      52
      41
      40
      44
      41
      46
      34
      38
      41
      50
      46
      46
      37
      32
      50
      39
      44
      41
      26
      42
      31
      36
      34
      30
      44
      43
      43
      30
      41
      35
      33
      40
      37
      48
      34
      30
      34
      37
      37
      36
      38
      35
      34
      35
      39
      42
      25
      36
      47
      31
      27
      28
      46
      38
      37
      28
      32
      29
      24
      38
      33
      31
      36
      27
      43
      39
      28
      37
      37
      34
      30
      46
      33
      43
      33
      38
      40
      45
      37
      46
      33
      33
      31
      29
      35
      39
      39
      44
      26
      33
      33
      37
      30
      36
      31
      26
      35
      37
      33
      33
      44
      37
      33
      38
      36
      31
      36
      30
      26
      42
      31
      32
      34
      29
      34
      30
      24
      32
      27
      26
      27
      42
      44
      26
      29
      29
      26
      37
      30
      30
      29
      37
      32
      36
      24
      37
      23
      30
      36
      33
      32
      28
      37
      47
      35
      32
      40
      34
      24
      35
      31
      40
      38
      23
      42
      33
      35
      37
      39
      27
      34
      33
      38
      36
      37
      40
      41
      51
      41
      50
      36
      52
      57
      44
      52
      50
      57
      61
      61
      59
      64
      64
      68
      56
      74
      78
      84
      64
      88
     106
     101
      81
      87
     106
     108
     126
     125
     116
     111
     127
     111
     135
     137
     133
     146
     122
     144
     179
     161
     178
     160
     185
     152
     169
     175
     169
     155
     169
     181
     197
     206
     177
     218
     217
     203
     202
     217
     192
     205
     215
     206
     229
     222
     230
     211
     231
     216
     210
     180
     253
     199
     182
     227
     208
     205
     214
     197
     174
     175
     196
     178
     186
     171
     160
     172
     188
     180
     169
     145
     158
     155
     164
     146
     134
     164
     132
     127
     133
     104
     124
     108
     100
     106
     103
     101
      93
      77
      73
      96
      81
      70
      70
      60
      68
      78
      61
      50
      53
      52
      44
      47
      38
      37
      54
      35
      36
      26
      23
      34
      24
      27
      31
      21
      25
      16
      25
      19
      23
      17
      17
      15
       7
      15
      11
      14
      10
      16
      10
       9
      25
      14
      14
       8
      14
      14
      14
      11
      11
      15
      26
      16
      14
      12
      22
      18
      19
      22
      26
      24
       6
      14
      28
      18
      16
      24
      21
      31
      32
      27
      26
      28
      56
      51
      32
      39
      48
      44
      50
      47
      55
      57
      57
      58
      53
      63
      66
      68
      72
      68
      75
      82
      71
      75
      95
      93
      96
      81
     109
      99
      99
     130
     132
     111
     111
     109
     118
     119
     133
     135
     140
     139
     140
     150
     141
     145
     158
     164
     170
     158
     159
     148
     147
     160
     171
     164
     165
     162
     155
     175
     146
     168
     179
     183
     173
     153
     153
     162
     178
     180
     154
     180
     174
     184
     155
     168
     157
     143
     159
     168
     124
     174
     160
     140
     125
     162
     128
     120
     143
     140
     131
     121
     112
     109
     118
     115
      98
     107
      98
     101
      88
      80
      75
      74
      82
      80
      81
      84
      86
      71
      66
      77
      69
      74
      57
      66
      43
      56
      32
      34
      34
      28
      38
      38
      35
      43
      34
      30
      26
      32
      33
      25
      20
      31
      19
      22
      22
      24
      19
      19
      16
       9
       9
      10
      10
       9
      11
       9
       5
       6
      13
       7
      12
       8
       9
       5
       8
       8
       4
       5
       5
       5
       3
       6
       5
       5
      11
       4
       9
       5
       4
       3
       1
       4
       2
       3
       5
       6
       2
       7
       2
       2
       3
       3
       6
       1
       4
       5
       2
       3
       1
       4
       4
       1
       1
       2
       5
       6
       8
       3
       5
       1
       5
       6
       3
       6
       3
       4
       3
       4
       5
       3
       6
       6
       6
       5
       4
       4
       5
       3
       1
       4
       5
       5
       1
       5
       2
       2
       8
       9
       3
       8
       7
       3
       4
       3
       6
       4
       5
       1
       9
       2
       4
       5
       2
       7
       1
       2
       5
       1
       4
       3
       3
       1
       1
       2
       2
       4
       4
       2
       4
       7
       5
       2
       4
       3
       4
       3
       5
       4
       3
       3
       3
       4
       1
       4
       2
       1
       5
       4
       1
       0
       0
       2
       2
       0
       4
       1
       2
       2
       1
       3
       0
       1
       1
       2
       5
       3
       7
       7
       2
       3
       5
       5
       4
       1
       3
       5
       3
       3
       5
       1
       1
       2
       4
       3
       2
       5
       3
       2
       3
       3
       2
       4
       3
       4
       3
       4
       4
       1
       1
       6
       2
       6
       4
       0
       7
       5
       3
       4
       3
       3
       3
       4
       2
       3
       6
       3
       5
       1
       5
       3
       4
       0
       6
       3
       3
       1
       4
       1
       3
       4
       2
       2
       2
       1
       4
       4
       4
       2
       4
       1
       2
       6
       2
       4
       4
       0
       1
       2
       3
       5
       2
       5
       4
       2
       1
       3
       3
       4
       1
       1
       3
       3
       3
       2
       1
       1
       1
       3
       2
       4
       4
       0
       2
       6
       4
       4
       5
       4
       1
       1
       5
       4
       3
       1
       4
       0
       0
       3
       2
       3
       2
       4
       3
       6
       3
       3
       0
       3
       4
       4
       3
       1
       2
       3
       3
       0
       6
       3
       4
       0
       4
       3
       5
       2
       2
       2
       1
       2
       0
       3
       3
       0
       2
       4
       3
       1
       3
       3
       6
       4
       6
       2
       4
       1
       2
       3
       3
       6
       5
       2
       1
       3
       4
       0
       1
       3
       5
       4
       3
       2
       2
       3
       0
       3
       1
       0
       3
       1
       1
       6
       3
       4
       2
       7
       2
       4
       1
       7
       2
       1
       4
       3
       0
       1
       2
       1
       2
       2
       0
       5
       1
       2
       1
       3
       5
       1
       3
       2
       3
       2
       3
       3
       4
       6
       3
       1
       1
       2
       2
       0
       2
       1
       2
       0
       0
       0
       0
       0
       0
       0
       0
       0
       0
       0
       0
       0
       0
       0
       0
       0
       0
       0
       0
       0
       0
       0
       0
       0
       0
       0
       0
       0
       0
       0
       0
$ROI:
1
1454 1642
$PRESETS:
Live Time
30
0
$ENER_FIT:
-50.318306 0.895274
$MCA_CAL:
3
-5.031831E+001 8.952744E-001 0.000000E+000 keV
$SHAPE_CAL:
3
5.945939E+000 4.580278E-002 0.000000E+000
