$SPEC_ID:
No sample description was entered.
$SPEC_REM:
DET# 1
DETDESC# W8481118 Model 928 SN 14338160
AP# Maestro Version 7.01
$DATE_MEA:
03/30/2023 14:43:42
$MEAS_TIM:
30 32
$DATA:
0 2047
       0
       0
       0
       0
       0
       0
       0
       0
       0
       0
       0
       0
       0
       0
       1
     270
     268
     267
     299
     304
     326
     323
     339
     310
     309
     340
     351
     359
     340
     357
     401
     438
     507
     602
     814
    1007
    1355
    1910
    2708
    3312
    4182
    4706
    4744
    4563
    3924
    3280
    2614
    2116
    1579
    1277
    1017
     869
     673
     535
     438
     370
     352
     354
     331
     370
     343
     318
     319
     326
     329
     318
     342
     330
     375
     329
     341
     309
     295
     311
     352
     338
     370
     326
     331
     344
     301
     335
     318
     308
     325
     345
     334
     349
     341
     330
     294
     307
     330
     341
     335
     345
     334
     335
     342
     350
     331
     328
     316
     342
     337
     355
     343
     342
     308
     303
     328
     327
     320
     314
     307
     337
     334
     351
     335
     360
     330
     333
     327
     330
     324
     326
     321
     349
     327
     312
     322
     329
     290
     318
     313
     329
     317
     323
     350
     316
     327
     353
     296
     306
     315
     304
     295
     316
     327
     302
     319
     307
     370
     332
     317
     304
     307
     304
     346
     311
     343
     343
     298
     313
     328
     307
     307
     312
     323
     327
     333
     308
     342
     342
     354
     324
     297
     305
     369
     318
     331
     303
     334
     307
     330
     297
     337
     309
     328
     315
     329
     308
     345
     310
     331
     324
     328
     313
     300
     317
     330
     313
     332
     313
     317
     349
     288
     319
     351
     350
     307
     356
     341
     344
     372
     358
     385
     360
     380
     397
     407
     398
     395
     376
     409
     387
     441
     426
     448
     431
     440
     443
     483
     456
     487
     494
     471
     466
     467
     458
     452
     490
     455
     444
     452
     475
     423
     471
     468
     472
     450
     427
     481
     430
     457
     428
     405
     435
     434
     448
     446
     416
     419
     417
     432
     399
     392
     379
     402
     364
     352
     404
     413
     397
     405
     356
     355
     360
     447
     398
     381
     379
     369
     351
     362
     383
     411
     370
     343
     375
     378
     416
     325
     375
     355
     367
     324
     363
     355
     345
     346
     375
     397
     336
     335
     346
     326
     341
     359
     359
     319
     330
     364
     316
     336
     318
     325
     324
     337
     364
     312
     328
     308
     318
     335
     317
     293
     339
     319
     316
     330
     298
     309
     345
     275
     332
     322
     329
     301
     318
     317
     315
     288
     333
     351
     321
     314
     316
     325
     318
     330
     294
     321
     311
     287
     325
     313
     306
     282
     293
     312
     294
     283
     297
     299
     316
     326
     330
     314
     298
     283
     301
     275
     289
     288
     303
     256
     291
     272
     290
     288
     319
     258
     275
     294
     309
     300
     305
     280
     287
     280
     276
     291
     290
     315
     259
     254
     312
     283
     290
     284
     275
     286
     290
     258
     266
     280
     265
     284
     304
     275
     290
     269
     304
     288
     269
     266
     299
     261
     268
     272
     273
     308
     256
     303
     259
     269
     262
     305
     306
     296
     254
     296
     274
     270
     290
     291
     283
     260
     273
     297
     270
     265
     272
     287
     267
     290
     311
     304
     288
     277
     270
     277
     301
     274
     285
     272
     281
     300
     272
     250
     266
     273
     287
     283
     293
     267
     287
     292
     279
     286
     291
     254
     268
     294
     283
     289
     294
     283
     271
     311
     295
     303
     283
     308
     289
     306
     292
     282
     297
     291
     276
     334
     293
     289
     308
     327
     305
     289
     311
     295
     285
     309
     317
     308
     290
     315
     286
     314
     310
     308
     308
     314
     308
     332
     331
     304
     334
     294
     308
     319
     340
     288
     303
     310
     278
     257
     294
     270
     300
     303
     276
     299
     282
     286
     285
     280
     274
     254
     236
     231
     249
     236
     239
     225
     204
     205
     197
     209
     196
     191
     199
     194
     182
     180
     166
     161
     159
     175
     156
     156
     126
     152
     131
     126
     129
     124
     126
     118
     115
     125
     125
     107
     117
      99
      97
     101
      91
     108
      91
      79
      71
      97
      95
     104
      78
      99
      79
      78
      68
      85
      70
      76
      57
      59
      78
      60
      72
      59
      59
      64
      48
      52
      62
      57
      77
      59
      51
      59
      54
      56
      56
      61
      42
      56
      41
      43
      39
      42
      55
      45
      48
      43
      32
      48
      46
      43
      43
      47
      39
      50
      40
      44
      31
      57
      38
      32
      41
      28
      37
      40
      33
      36
      38
      31
      48
      32
      44
      29
      42
      28
      45
      27
      29
      46
      41
      23
      40
      42
      39
      33
      38
      39
      39
      47
      39
      40
      46
      40
      43
      36
      41
      38
      33
      36
      43
      37
      34
      45
      41
      47
      31
      31
      38
      47
      41
      33
      43
      47
      39
      48
      47
      45
      49
      47
      59
      59
      55
      59
      61
      98
      69
      91
      86
     105
     105
     105
     123
     110
     143
     143
     149
     155
     175
     207
     208
     202
     249
     291
     320
     350
     361
     396
     454
     519
     497
     550
     567
     652
     704
     706
     793
     801
     925
     932
    1005
    1092
    1079
    1130
    1337
    1365
    1420
    1502
    1606
    1665
    1762
    1778
    1960
    2027
    2097
    2077
    2235
    2192
    2326
    2399
    2489
    2508
    2690
    2763
    2774
    2888
    2876
    2861
    2997
    3030
    2849
    2986
    3046
    2999
    3123
    2945
    3018
    3036
    2950
    2924
    2922
    2972
    2858
    2743
    2816
    2638
    2599
    2494
    2435
    2379
    2214
    2102
    2184
    2062
    1871
    1896
    1710
    1772
    1617
    1470
    1407
    1402
    1266
    1191
    1091
    1098
     942
     930
     868
     786
     736
     658
     608
     558
     519
     465
     430
     364
     322
     288
     266
     263
     233
     213
     210
     176
     157
     157
     116
     117
      94
      91
      92
      71
      56
      64
      56
      44
      49
      37
      31
      41
      27
      23
      27
      20
      38
      20
      18
      20
      13
      10
      20
      11
      17
      16
       4
       9
      12
      14
       6
      13
      14
      13
      22
      12
       9
      14
      11
      11
      12
      10
      10
       8
      17
      14
      15
      10
      11
      13
       9
       9
       9
       5
      14
      12
      10
       4
      10
      12
       6
       5
      12
       4
      13
       7
      16
       9
      13
      10
       8
      14
      10
       6
       8
      10
      13
      11
       8
      12
       8
       6
      11
       5
       8
      11
       9
       5
       7
       8
       8
      11
      11
       9
       6
       8
       5
       7
       8
       4
       5
       5
      15
       6
       7
       6
      15
       6
       9
      10
       6
       5
      11
       7
      11
       9
       7
       6
      11
       8
       6
       7
       6
      14
       6
       9
      10
       6
      11
       7
       8
      12
      10
      10
       7
       8
       6
       9
      15
       7
       7
       7
      10
      10
       7
       5
       8
      13
       9
      11
       4
      11
       7
       4
      12
      16
      11
       6
       2
       9
      10
      12
      10
       9
       7
      12
       6
       9
       4
       5
       3
       7
       8
      13
       9
       9
      10
       7
      10
       7
       7
      10
       3
      14
       4
      10
       5
       4
       4
       7
       6
      13
       8
       8
       6
       3
      10
       1
       8
       7
       6
       8
      12
      11
       7
       9
       6
      11
       5
       7
      11
       8
       9
       8
       6
       3
       7
       6
      12
       4
       8
       6
       7
       4
       9
       5
      11
       8
       6
      11
       5
       4
       6
       7
       6
       5
       6
      14
       4
       8
       6
       5
       8
      10
       1
       9
       9
       6
       6
       5
       9
      10
       9
       4
       6
       7
       4
       4
       7
       6
       8
       5
       7
       9
       8
       4
       6
       7
       7
       3
       6
       4
       9
       5
      10
       9
      12
       6
       6
      10
       4
       6
       6
      11
       7
       6
       6
       4
       6
       5
       8
       6
       6
       6
       5
       4
       7
       4
       8
       8
       4
       9
       7
       6
       4
       4
       3
       3
       3
       8
       5
       4
       7
       4
       5
       7
       6
       6
       6
       4
       4
       2
       4
       5
       8
       4
       5
       3
       5
       4
       3
       5
       4
       4
       5
       4
       5
       5
       3
       4
       2
       6
       1
       6
       5
       4
       3
       5
       2
       3
       1
       7
       3
       4
       4
       4
       6
      10
       7
       6
       4
       2
       5
       6
       5
       2
       2
       3
       8
       3
       6
       4
       4
       5
       3
       7
       7
       3
       7
       3
       2
       3
       3
       6
       5
       8
       2
       9
       5
       3
       6
       3
       0
       5
       4
       8
       5
       6
       1
       3
       6
       3
       7
       9
       3
       5
       2
       4
       4
       4
       2
       5
       2
       1
       6
       8
       7
       4
       3
       3
       4
       4
       2
       4
       5
       0
       7
       3
       1
       3
       0
       4
       6
       1
       4
       5
       7
       4
       3
       3
       2
       1
       4
       4
       6
       7
       2
       3
       2
       5
       2
       2
       7
       2
       5
       4
       3
       5
       3
       2
       5
       5
       2
       5
       1
       2
       2
       2
       3
       4
       9
       4
       2
       1
       5
       7
       3
       4
       5
       1
       4
       7
       4
       2
       2
       2
       1
       3
       4
       5
       5
       5
       2
       5
       4
       1
       1
       3
       4
       5
       2
       1
       4
       3
       5
       3
       8
       4
       3
       3
       1
       2
       5
       1
       1
       2
       2
       1
       4
       1
       2
       3
       8
       3
       2
       7
       2
       3
       1
       3
       2
       4
       3
       1
       1
       4
       3
       3
       4
       3
       1
       1
       1
       2
       1
       2
       0
       3
       4
       4
       0
       4
       1
       2
       4
       2
       4
       2
       2
       4
       3
       4
       4
       7
       1
       5
       1
       4
       3
       1
       1
       5
       3
       4
       2
       6
       3
       2
       2
       4
       3
       3
       2
       4
       2
       2
       4
       1
       3
       2
       2
       2
       5
       0
       4
       6
       2
       6
       0
       0
       5
       4
       3
       4
       4
       4
       7
       3
       2
       7
       1
       4
       5
       4
       6
       3
       5
       3
       2
       6
       0
       1
       4
       1
       3
       3
       3
       3
       3
       3
       3
       3
       5
       2
       5
       6
       3
       2
       3
       3
       2
       4
       5
       5
       2
       1
       7
       1
       7
       7
       3
       4
       3
       4
       6
       4
       3
       4
       1
       4
       4
       5
       5
       2
       4
       2
       4
       5
       5
       4
       3
       4
       3
       9
       7
       2
       2
       8
       7
       3
       4
       5
       6
       3
       4
       5
       1
       5
       4
       6
       5
       2
       3
       5
       3
       2
       7
       1
       3
       2
       6
       4
       4
       4
       4
       6
       1
       1
       6
       2
       3
       3
       3
       4
       4
       4
       4
       2
       1
       8
       1
       4
       4
       4
       1
       3
       2
       1
       1
       2
       0
       2
       1
       1
       1
       3
       3
       3
       4
       3
       2
       0
       2
       0
       1
       2
       2
       2
       1
       0
       2
       1
       0
       1
       1
       0
       0
       1
       3
       1
       3
       1
       1
       2
       0
       2
       1
       1
       2
       0
       1
       3
       1
       1
       4
       0
       2
       1
       1
       3
       0
       1
       1
       1
       2
       2
       1
       0
       0
       1
       0
       0
       0
       0
       0
       1
       2
       2
       0
       3
       1
       0
       1
       1
       0
       0
       3
       0
       0
       2
       1
       1
       0
       1
       2
       0
       0
       0
       0
       2
       1
       1
       0
       0
       0
       2
       1
       1
       0
       2
       1
       4
       0
       0
       0
       0
       1
       1
       0
       1
       0
       1
       1
       0
       3
       2
       2
       1
       0
       3
       1
       1
       0
       1
       0
       0
       0
       1
       1
       0
       1
       3
       1
       2
       0
       0
       0
       0
       0
       0
       0
       0
       0
       1
       0
       0
       1
       0
       0
       1
       4
       1
       0
       0
       0
       0
       0
       2
       0
       1
       0
       0
       0
       0
       0
       0
       0
       0
       0
       0
       0
       0
       1
       0
       0
       0
       0
       0
       0
       0
       0
       0
       0
       0
       0
       0
       0
       1
       0
       0
       0
       0
       0
       0
       0
       1
       0
       1
       0
       0
       0
       0
       0
       0
       0
       0
       0
       0
       0
       1
       0
       0
       0
       0
       0
       1
       2
       0
       0
       0
       0
       1
       0
       0
       0
       0
       0
       0
       0
       1
       0
       1
       0
       0
       0
       0
       1
       0
       0
       0
       0
       0
       2
       0
       0
       0
       0
       0
       0
       0
       1
       0
       1
       0
       0
       1
       0
       0
       0
       0
       0
       1
       0
       0
       0
       0
       0
       0
       0
       1
       0
       0
       0
       1
       0
       0
       0
       0
       0
       0
       0
       0
       0
       0
       1
       0
       0
       0
       0
       0
       0
       0
       0
       0
       0
       0
       0
       0
       1
       0
       0
       0
       1
       0
       0
       0
       1
       0
       1
       0
       1
       0
       1
       0
       0
       0
       0
       1
       0
       0
       0
       0
       0
       0
       0
       0
       0
       0
       0
       0
       0
       0
       0
       0
       1
       0
       0
       0
       0
       0
       1
       1
       0
       1
       0
       0
       0
       0
       1
       1
       0
       1
       0
       0
       0
       0
       1
       0
       0
       0
       0
       0
       0
       0
       1
       0
       0
       0
       0
       0
       0
       0
       0
       0
       0
       2
       0
       0
       0
       0
       0
       0
       0
       0
       1
       0
       0
       0
       0
       1
       0
       0
       0
       0
       0
       0
       0
       2
       0
       1
       0
       0
       0
       0
       0
       0
       0
       0
       0
       0
       0
       0
       1
       0
       0
       0
       1
       0
       1
       0
       1
       0
       0
       0
       0
       0
       0
       0
       0
       1
       1
       2
       0
       0
       0
       0
       0
       1
       0
       0
       0
       0
       0
       0
       0
       0
       0
       1
       1
       0
       0
       0
       0
       0
       0
       0
       0
       1
       0
       1
       0
       0
       0
       0
       0
       0
       0
       0
       0
       0
       0
       0
       0
       0
       0
       0
       0
       0
       0
       0
       0
       0
       0
       0
       0
       0
       0
       0
       0
       0
       0
       0
       0
$ROI:
0
$PRESETS:
Live Time
30
0
$ENER_FIT:
-4.452449 0.867419
$MCA_CAL:
3
-4.452449E+000 8.674188E-001 0.000000E+000 keV
$SHAPE_CAL:
3
6.030942E+000 5.917056E-002 0.000000E+000
