<<<<<<< HEAD
$SPEC_ID:
No sample description was entered.
$SPEC_REM:
DET# 1
DETDESC# W8481118 Model 928 SN 14338160
AP# Maestro Version 7.01
$DATE_MEA:
03/30/2023 15:30:25
$MEAS_TIM:
30 30
$DATA:
0 2047
       0
       0
       0
       0
       0
       0
       0
       0
       0
       0
       0
       0
       0
       0
       0
       2
       5
       3
       2
       3
       2
       9
       3
       5
       6
       2
       4
       5
       5
       6
       7
       5
       4
       2
       8
      10
      13
       5
       3
       3
      11
       6
       5
       9
      11
      14
       5
       6
      12
       6
       5
       8
       6
      12
       9
       9
      13
      14
      16
      20
      10
      11
      15
      18
       6
      15
      16
      14
      19
      10
      23
      24
      13
      18
      19
      17
      18
      20
      22
      17
      34
      18
      31
      21
      33
      26
      20
      29
      35
      31
      28
      29
      26
      27
      42
      38
      25
      25
      30
      25
      34
      37
      39
      34
      33
      24
      30
      34
      35
      32
      30
      30
      37
      33
      43
      31
      35
      36
      47
      35
      46
      37
      31
      30
      25
      33
      25
      31
      27
      34
      37
      24
      24
      26
      25
      37
      37
      35
      36
      30
      26
      20
      29
      33
      36
      30
      30
      36
      32
      34
      34
      27
      18
      23
      30
      27
      25
      31
      27
      27
      23
      33
      25
      24
      20
      28
      24
      26
      20
      35
      24
      22
      17
      28
      25
      20
      25
      15
      27
      23
      16
      22
      20
      23
      21
      20
      24
      22
      27
      17
      16
      20
      24
      23
      22
      22
      21
      20
      13
      29
      16
      18
      12
      18
      16
      13
      17
      14
      14
      11
      17
      18
      16
      20
      17
      24
      18
      23
      19
      24
      19
      15
      14
      19
      12
      19
      14
      17
      26
      16
      19
      17
      12
      16
      17
      15
      15
      12
      11
      14
      17
      19
      12
       9
      12
      20
      13
      19
      18
      15
      10
      16
      15
      10
      10
      14
      15
      14
      20
      15
      13
       9
      13
       8
      13
      13
      13
      19
      11
       9
      14
       8
      11
      13
      10
       9
      18
      16
      11
      10
      10
       9
      14
      13
      11
      10
      10
       9
      17
       8
       5
      12
      16
      12
       8
      10
      10
      12
       9
       9
       8
      10
      13
      19
      15
      12
      12
       8
       8
       5
      16
       4
      10
      11
      10
      13
       6
      10
       9
      11
      11
      10
       7
      12
       6
      12
       5
       7
       6
      10
       3
       6
       5
      13
       6
      10
       3
       5
       7
       6
       9
       1
       9
       4
      10
       8
       5
       3
      10
      11
       6
       7
      11
       5
       9
      11
       8
       8
       9
       5
      10
       9
       4
      10
       9
       3
       6
      11
       9
       6
       3
       3
       8
       5
       2
       5
      11
       3
       3
       2
       3
       7
       8
       7
       6
       8
      10
       5
       3
       3
       4
      10
       2
       5
       8
       4
       8
       9
       6
       8
       3
       6
       9
       3
       7
       5
       2
       3
       4
       6
       6
       6
       5
       6
       7
       7
       5
       9
       5
       4
       7
       4
       7
       3
       6
       2
       7
      12
       9
       8
       6
       6
      10
       9
       5
       6
       1
       4
       5
       3
       2
       2
       3
       6
       6
       3
       2
       4
       6
       7
       4
       7
       5
       1
       5
       4
       2
       2
       3
       5
       4
       1
       2
       3
       1
       4
       3
       2
       4
       5
       3
       6
       4
       4
       0
       3
       5
       8
       2
       2
       5
       0
       0
       2
       1
       2
       4
       2
       3
       2
       1
       2
       4
       2
       3
       0
       4
       1
       2
       4
       3
       3
       6
       1
       2
       5
       3
       3
       2
       2
       4
       1
       5
       5
       4
       1
       3
       5
       3
       6
       2
       2
       3
       3
       1
       0
       2
       0
       4
       2
       2
       3
       3
       4
       1
       0
       0
       1
       0
       0
       5
       2
       3
       2
       2
       1
       1
       2
       4
       1
       4
       2
       2
       5
       7
       0
       4
       1
       2
       4
       1
       3
       3
       5
       6
       4
       4
       1
       4
       1
       3
       2
       1
       2
       2
       2
       4
       4
       2
       2
       3
       2
       4
       2
       0
       3
       2
       3
       0
       3
       1
       0
       2
       4
       5
       1
       3
       1
       3
       3
       1
       2
       2
       2
       3
       2
       3
       0
       2
       1
       2
       4
       4
       2
       2
       1
       0
       6
       1
       0
       4
       1
       1
       3
       1
       3
       2
       2
       3
       1
       4
       7
       3
       4
       2
       4
       4
       4
       0
       2
       3
       1
       3
       1
       1
       1
       3
       0
       3
       3
       0
       1
       1
       0
       1
       3
       2
       5
       0
       1
       3
       2
       0
       1
       0
       1
       2
       1
       0
       4
       3
       2
       4
       3
       1
       5
       2
       4
       4
       3
       2
       2
       1
       1
       2
       4
       5
       5
       0
       2
       1
       0
       1
       4
       0
       1
       2
       1
       1
       1
       2
       3
       1
       3
       2
       1
       0
       1
       5
       3
       3
       9
       3
       1
       1
       1
       2
       4
       3
       4
       1
       4
       1
       7
       3
       1
       3
       1
       2
       3
       1
       2
       0
       1
       1
       2
       2
       0
       5
       2
       1
       1
       1
       1
       1
       1
       1
       2
       2
       0
       4
       1
       1
       0
       2
       2
       3
       2
       0
       1
       0
       1
       1
       1
       1
       1
       2
       0
       2
       2
       1
       1
       2
       1
       1
       0
       0
       2
       0
       2
       2
       0
       1
       1
       1
       1
       2
       0
       1
       3
       1
       1
       2
       1
       1
       1
       2
       1
       1
       3
       1
       0
       1
       2
       1
       1
       1
       1
       3
       2
       0
       1
       1
       2
       0
       1
       1
       1
       1
       1
       2
       1
       1
       1
       1
       2
       0
       2
       1
       0
       3
       0
       2
       0
       2
       2
       2
       2
       0
       1
       0
       0
       3
       1
       0
       0
       2
       1
       2
       0
       2
       0
       0
       0
       0
       3
       1
       1
       2
       2
       1
       1
       0
       0
       1
       2
       0
       2
       1
       0
       0
       0
       0
       2
       2
       0
       0
       1
       1
       0
       0
       0
       1
       0
       0
       1
       0
       2
       1
       1
       1
       2
       0
       0
       1
       2
       1
       1
       2
       1
       4
       1
       1
       0
       1
       0
       2
       2
       0
       0
       0
       0
       1
       2
       0
       0
       3
       0
       1
       3
       1
       0
       2
       1
       0
       0
       0
       0
       1
       3
       1
       3
       1
       1
       0
       0
       0
       0
       0
       0
       2
       1
       0
       0
       0
       4
       2
       0
       1
       3
       0
       0
       3
       1
       1
       1
       1
       0
       0
       1
       0
       2
       0
       1
       4
       1
       0
       0
       0
       1
       0
       0
       2
       2
       1
       2
       0
       0
       1
       0
       0
       0
       2
       0
       0
       1
       2
       1
       0
       2
       0
       1
       2
       0
       3
       0
       1
       0
       0
       0
       1
       0
       0
       0
       0
       1
       2
       0
       1
       1
       2
       1
       0
       0
       0
       0
       1
       1
       1
       1
       2
       1
       1
       0
       1
       0
       0
       1
       1
       0
       0
       1
       0
       0
       1
       1
       0
       0
       0
       1
       0
       1
       1
       1
       3
       1
       1
       1
       2
       0
       0
       1
       2
       2
       1
       1
       1
       1
       2
       1
       1
       2
       0
       2
       1
       1
       0
       2
       1
       3
       0
       1
       0
       1
       0
       2
       2
       1
       1
       1
       0
       0
       1
       1
       0
       1
       0
       2
       1
       0
       0
       2
       0
       1
       0
       0
       0
       0
       1
       1
       1
       3
       0
       0
       0
       1
       1
       3
       0
       0
       1
       1
       2
       1
       0
       0
       0
       0
       1
       1
       0
       0
       0
       3
       1
       1
       1
       0
       0
       1
       1
       2
       0
       1
       3
       0
       0
       2
       0
       2
       2
       1
       0
       0
       3
       0
       0
       0
       0
       1
       0
       0
       1
       0
       3
       0
       3
       1
       1
       0
       1
       1
       1
       1
       0
       1
       1
       0
       1
       2
       0
       1
       1
       0
       0
       1
       0
       4
       0
       1
       2
       0
       0
       1
       0
       1
       1
       0
       0
       1
       0
       1
       0
       0
       0
       2
       0
       0
       1
       0
       1
       0
       1
       0
       1
       1
       2
       2
       0
       1
       0
       0
       2
       3
       1
       1
       0
       0
       1
       0
       0
       0
       0
       1
       0
       1
       1
       1
       1
       0
       1
       0
       1
       0
       0
       1
       0
       2
       0
       0
       1
       1
       1
       0
       0
       0
       1
       0
       1
       0
       1
       1
       1
       0
       2
       4
       1
       0
       0
       0
       0
       1
       0
       0
       2
       1
       0
       0
       1
       0
       1
       1
       2
       0
       0
       1
       0
       1
       0
       1
       0
       0
       1
       0
       1
       0
       1
       0
       0
       1
       1
       0
       2
       0
       1
       0
       1
       0
       1
       1
       0
       0
       0
       1
       0
       0
       0
       1
       0
       0
       0
       0
       0
       1
       1
       0
       0
       0
       1
       2
       0
       1
       0
       0
       1
       0
       0
       0
       1
       1
       0
       0
       0
       0
       1
       1
       4
       0
       0
       0
       2
       0
       1
       1
       0
       2
       0
       1
       0
       0
       1
       0
       0
       0
       0
       2
       0
       0
       0
       1
       0
       2
       0
       1
       0
       0
       2
       0
       1
       0
       0
       0
       0
       1
       0
       0
       2
       0
       0
       1
       1
       1
       0
       0
       2
       0
       0
       1
       2
       0
       0
       0
       0
       0
       1
       0
       0
       0
       0
       0
       1
       0
       1
       0
       1
       0
       0
       1
       2
       0
       0
       0
       0
       1
       0
       0
       0
       1
       1
       0
       0
       0
       2
       0
       0
       1
       1
       2
       0
       0
       0
       1
       0
       0
       1
       1
       0
       0
       0
       1
       0
       0
       0
       1
       1
       0
       0
       1
       1
       0
       0
       0
       0
       0
       0
       0
       0
       1
       0
       0
       0
       0
       0
       0
       0
       0
       0
       0
       0
       0
       1
       0
       0
       0
       0
       1
       0
       0
       2
       2
       1
       0
       0
       0
       0
       1
       0
       0
       0
       1
       1
       0
       0
       0
       0
       0
       0
       0
       0
       0
       0
       0
       0
       1
       0
       0
       0
       0
       1
       0
       0
       0
       0
       0
       0
       0
       0
       1
       0
       1
       0
       1
       1
       0
       0
       0
       0
       0
       0
       0
       0
       0
       1
       0
       1
       1
       0
       0
       0
       0
       0
       1
       2
       1
       0
       0
       0
       1
       1
       1
       0
       1
       0
       0
       0
       2
       0
       0
       1
       0
       0
       0
       0
       1
       0
       0
       0
       0
       1
       1
       0
       0
       0
       0
       1
       0
       0
       0
       0
       0
       0
       1
       0
       1
       0
       0
       3
       0
       0
       1
       0
       0
       0
       0
       1
       1
       1
       1
       0
       0
       1
       0
       0
       0
       0
       1
       2
       1
       0
       0
       1
       0
       0
       0
       0
       0
       0
       0
       0
       1
       0
       0
       0
       0
       0
       1
       0
       0
       0
       0
       1
       0
       1
       0
       2
       0
       1
       2
       0
       0
       0
       1
       1
       1
       1
       0
       0
       1
       1
       0
       1
       0
       0
       0
       0
       1
       2
       1
       2
       1
       0
       3
       0
       3
       1
       1
       1
       1
       1
       1
       1
       6
       0
       2
       2
       1
       1
       2
       0
       0
       1
       0
       2
       1
       0
       0
       0
       1
       0
       0
       1
       1
       0
       1
       2
       1
       0
       0
       3
       1
       1
       0
       0
       0
       0
       0
       0
       0
       0
       0
       0
       0
       0
       2
       1
       0
       0
       0
       1
       1
       2
       0
       0
       2
       0
       0
       2
       1
       1
       0
       0
       0
       2
       0
       1
       0
       1
       0
       0
       0
       0
       0
       0
       0
       0
       0
       0
       0
       0
       0
       1
       0
       0
       0
       1
       0
       0
       0
       0
       0
       0
       0
       0
       1
       0
       1
       0
       0
       0
       0
       1
       0
       0
       0
       0
       1
       0
       0
       0
       0
       0
       1
       1
       0
       0
       0
       0
       0
       0
       0
       0
       0
       0
       0
       0
       0
       1
       0
       0
       0
       0
       0
       0
       0
       0
       0
       0
       0
       1
       0
       0
       0
       0
       0
       0
       0
       0
       0
       0
       0
       0
       0
       1
       0
       0
       0
       0
       0
       0
       1
       0
       0
       0
       1
       0
       0
       0
       0
       1
       0
       0
       1
       0
       0
       0
       1
       1
       0
       0
       0
       0
       0
       0
       0
       0
       1
       0
       0
       0
       0
       0
       0
       0
       0
       1
       1
       1
       0
       0
       0
       0
       0
       0
       0
       0
       0
       0
       0
       0
       0
       0
       0
       0
       0
       0
       0
       0
       0
       0
       0
       0
       1
       0
       0
       0
       0
       1
       0
       0
       0
       0
       0
       0
       0
       0
       0
       0
       0
       0
       0
       0
       0
       0
       0
       0
       0
       0
       0
       0
       0
       0
       1
       0
       0
       0
       0
       0
       0
       0
       0
       0
       1
       0
       0
       0
       0
       1
       0
       0
       1
       0
       0
       2
       1
       0
       0
       0
       0
       0
       0
       0
       0
       0
       0
       0
       1
       0
       0
       0
       0
       0
       0
       0
       0
       0
       0
       0
       0
       0
       0
       1
       0
       0
       0
       0
       0
       0
       0
       0
       0
       0
       0
       0
       0
       1
       0
       0
       2
       0
       0
       0
       0
       1
       0
       1
       0
       0
       0
       0
       1
       0
       0
       0
       0
       0
       1
       1
       0
       1
       0
       1
       0
       0
       0
       0
       1
       0
       0
       0
       0
       0
       0
       0
       0
       0
       0
       0
       0
       0
       0
       0
       0
       0
       0
       0
       0
       0
       0
       0
       0
       0
       0
       0
       0
       0
       0
       0
       0
$ROI:
1
1454 1642
$PRESETS:
Live Time
30
0
$ENER_FIT:
-50.318306 0.895274
$MCA_CAL:
3
-5.031831E+001 8.952744E-001 0.000000E+000 keV
$SHAPE_CAL:
3
5.945939E+000 4.580278E-002 0.000000E+000
=======
$SPEC_ID:
No sample description was entered.
$SPEC_REM:
DET# 1
DETDESC# W8481118 Model 928 SN 14338160
AP# Maestro Version 7.01
$DATE_MEA:
03/30/2023 15:30:25
$MEAS_TIM:
30 30
$DATA:
0 2047
       0
       0
       0
       0
       0
       0
       0
       0
       0
       0
       0
       0
       0
       0
       0
       2
       5
       3
       2
       3
       2
       9
       3
       5
       6
       2
       4
       5
       5
       6
       7
       5
       4
       2
       8
      10
      13
       5
       3
       3
      11
       6
       5
       9
      11
      14
       5
       6
      12
       6
       5
       8
       6
      12
       9
       9
      13
      14
      16
      20
      10
      11
      15
      18
       6
      15
      16
      14
      19
      10
      23
      24
      13
      18
      19
      17
      18
      20
      22
      17
      34
      18
      31
      21
      33
      26
      20
      29
      35
      31
      28
      29
      26
      27
      42
      38
      25
      25
      30
      25
      34
      37
      39
      34
      33
      24
      30
      34
      35
      32
      30
      30
      37
      33
      43
      31
      35
      36
      47
      35
      46
      37
      31
      30
      25
      33
      25
      31
      27
      34
      37
      24
      24
      26
      25
      37
      37
      35
      36
      30
      26
      20
      29
      33
      36
      30
      30
      36
      32
      34
      34
      27
      18
      23
      30
      27
      25
      31
      27
      27
      23
      33
      25
      24
      20
      28
      24
      26
      20
      35
      24
      22
      17
      28
      25
      20
      25
      15
      27
      23
      16
      22
      20
      23
      21
      20
      24
      22
      27
      17
      16
      20
      24
      23
      22
      22
      21
      20
      13
      29
      16
      18
      12
      18
      16
      13
      17
      14
      14
      11
      17
      18
      16
      20
      17
      24
      18
      23
      19
      24
      19
      15
      14
      19
      12
      19
      14
      17
      26
      16
      19
      17
      12
      16
      17
      15
      15
      12
      11
      14
      17
      19
      12
       9
      12
      20
      13
      19
      18
      15
      10
      16
      15
      10
      10
      14
      15
      14
      20
      15
      13
       9
      13
       8
      13
      13
      13
      19
      11
       9
      14
       8
      11
      13
      10
       9
      18
      16
      11
      10
      10
       9
      14
      13
      11
      10
      10
       9
      17
       8
       5
      12
      16
      12
       8
      10
      10
      12
       9
       9
       8
      10
      13
      19
      15
      12
      12
       8
       8
       5
      16
       4
      10
      11
      10
      13
       6
      10
       9
      11
      11
      10
       7
      12
       6
      12
       5
       7
       6
      10
       3
       6
       5
      13
       6
      10
       3
       5
       7
       6
       9
       1
       9
       4
      10
       8
       5
       3
      10
      11
       6
       7
      11
       5
       9
      11
       8
       8
       9
       5
      10
       9
       4
      10
       9
       3
       6
      11
       9
       6
       3
       3
       8
       5
       2
       5
      11
       3
       3
       2
       3
       7
       8
       7
       6
       8
      10
       5
       3
       3
       4
      10
       2
       5
       8
       4
       8
       9
       6
       8
       3
       6
       9
       3
       7
       5
       2
       3
       4
       6
       6
       6
       5
       6
       7
       7
       5
       9
       5
       4
       7
       4
       7
       3
       6
       2
       7
      12
       9
       8
       6
       6
      10
       9
       5
       6
       1
       4
       5
       3
       2
       2
       3
       6
       6
       3
       2
       4
       6
       7
       4
       7
       5
       1
       5
       4
       2
       2
       3
       5
       4
       1
       2
       3
       1
       4
       3
       2
       4
       5
       3
       6
       4
       4
       0
       3
       5
       8
       2
       2
       5
       0
       0
       2
       1
       2
       4
       2
       3
       2
       1
       2
       4
       2
       3
       0
       4
       1
       2
       4
       3
       3
       6
       1
       2
       5
       3
       3
       2
       2
       4
       1
       5
       5
       4
       1
       3
       5
       3
       6
       2
       2
       3
       3
       1
       0
       2
       0
       4
       2
       2
       3
       3
       4
       1
       0
       0
       1
       0
       0
       5
       2
       3
       2
       2
       1
       1
       2
       4
       1
       4
       2
       2
       5
       7
       0
       4
       1
       2
       4
       1
       3
       3
       5
       6
       4
       4
       1
       4
       1
       3
       2
       1
       2
       2
       2
       4
       4
       2
       2
       3
       2
       4
       2
       0
       3
       2
       3
       0
       3
       1
       0
       2
       4
       5
       1
       3
       1
       3
       3
       1
       2
       2
       2
       3
       2
       3
       0
       2
       1
       2
       4
       4
       2
       2
       1
       0
       6
       1
       0
       4
       1
       1
       3
       1
       3
       2
       2
       3
       1
       4
       7
       3
       4
       2
       4
       4
       4
       0
       2
       3
       1
       3
       1
       1
       1
       3
       0
       3
       3
       0
       1
       1
       0
       1
       3
       2
       5
       0
       1
       3
       2
       0
       1
       0
       1
       2
       1
       0
       4
       3
       2
       4
       3
       1
       5
       2
       4
       4
       3
       2
       2
       1
       1
       2
       4
       5
       5
       0
       2
       1
       0
       1
       4
       0
       1
       2
       1
       1
       1
       2
       3
       1
       3
       2
       1
       0
       1
       5
       3
       3
       9
       3
       1
       1
       1
       2
       4
       3
       4
       1
       4
       1
       7
       3
       1
       3
       1
       2
       3
       1
       2
       0
       1
       1
       2
       2
       0
       5
       2
       1
       1
       1
       1
       1
       1
       1
       2
       2
       0
       4
       1
       1
       0
       2
       2
       3
       2
       0
       1
       0
       1
       1
       1
       1
       1
       2
       0
       2
       2
       1
       1
       2
       1
       1
       0
       0
       2
       0
       2
       2
       0
       1
       1
       1
       1
       2
       0
       1
       3
       1
       1
       2
       1
       1
       1
       2
       1
       1
       3
       1
       0
       1
       2
       1
       1
       1
       1
       3
       2
       0
       1
       1
       2
       0
       1
       1
       1
       1
       1
       2
       1
       1
       1
       1
       2
       0
       2
       1
       0
       3
       0
       2
       0
       2
       2
       2
       2
       0
       1
       0
       0
       3
       1
       0
       0
       2
       1
       2
       0
       2
       0
       0
       0
       0
       3
       1
       1
       2
       2
       1
       1
       0
       0
       1
       2
       0
       2
       1
       0
       0
       0
       0
       2
       2
       0
       0
       1
       1
       0
       0
       0
       1
       0
       0
       1
       0
       2
       1
       1
       1
       2
       0
       0
       1
       2
       1
       1
       2
       1
       4
       1
       1
       0
       1
       0
       2
       2
       0
       0
       0
       0
       1
       2
       0
       0
       3
       0
       1
       3
       1
       0
       2
       1
       0
       0
       0
       0
       1
       3
       1
       3
       1
       1
       0
       0
       0
       0
       0
       0
       2
       1
       0
       0
       0
       4
       2
       0
       1
       3
       0
       0
       3
       1
       1
       1
       1
       0
       0
       1
       0
       2
       0
       1
       4
       1
       0
       0
       0
       1
       0
       0
       2
       2
       1
       2
       0
       0
       1
       0
       0
       0
       2
       0
       0
       1
       2
       1
       0
       2
       0
       1
       2
       0
       3
       0
       1
       0
       0
       0
       1
       0
       0
       0
       0
       1
       2
       0
       1
       1
       2
       1
       0
       0
       0
       0
       1
       1
       1
       1
       2
       1
       1
       0
       1
       0
       0
       1
       1
       0
       0
       1
       0
       0
       1
       1
       0
       0
       0
       1
       0
       1
       1
       1
       3
       1
       1
       1
       2
       0
       0
       1
       2
       2
       1
       1
       1
       1
       2
       1
       1
       2
       0
       2
       1
       1
       0
       2
       1
       3
       0
       1
       0
       1
       0
       2
       2
       1
       1
       1
       0
       0
       1
       1
       0
       1
       0
       2
       1
       0
       0
       2
       0
       1
       0
       0
       0
       0
       1
       1
       1
       3
       0
       0
       0
       1
       1
       3
       0
       0
       1
       1
       2
       1
       0
       0
       0
       0
       1
       1
       0
       0
       0
       3
       1
       1
       1
       0
       0
       1
       1
       2
       0
       1
       3
       0
       0
       2
       0
       2
       2
       1
       0
       0
       3
       0
       0
       0
       0
       1
       0
       0
       1
       0
       3
       0
       3
       1
       1
       0
       1
       1
       1
       1
       0
       1
       1
       0
       1
       2
       0
       1
       1
       0
       0
       1
       0
       4
       0
       1
       2
       0
       0
       1
       0
       1
       1
       0
       0
       1
       0
       1
       0
       0
       0
       2
       0
       0
       1
       0
       1
       0
       1
       0
       1
       1
       2
       2
       0
       1
       0
       0
       2
       3
       1
       1
       0
       0
       1
       0
       0
       0
       0
       1
       0
       1
       1
       1
       1
       0
       1
       0
       1
       0
       0
       1
       0
       2
       0
       0
       1
       1
       1
       0
       0
       0
       1
       0
       1
       0
       1
       1
       1
       0
       2
       4
       1
       0
       0
       0
       0
       1
       0
       0
       2
       1
       0
       0
       1
       0
       1
       1
       2
       0
       0
       1
       0
       1
       0
       1
       0
       0
       1
       0
       1
       0
       1
       0
       0
       1
       1
       0
       2
       0
       1
       0
       1
       0
       1
       1
       0
       0
       0
       1
       0
       0
       0
       1
       0
       0
       0
       0
       0
       1
       1
       0
       0
       0
       1
       2
       0
       1
       0
       0
       1
       0
       0
       0
       1
       1
       0
       0
       0
       0
       1
       1
       4
       0
       0
       0
       2
       0
       1
       1
       0
       2
       0
       1
       0
       0
       1
       0
       0
       0
       0
       2
       0
       0
       0
       1
       0
       2
       0
       1
       0
       0
       2
       0
       1
       0
       0
       0
       0
       1
       0
       0
       2
       0
       0
       1
       1
       1
       0
       0
       2
       0
       0
       1
       2
       0
       0
       0
       0
       0
       1
       0
       0
       0
       0
       0
       1
       0
       1
       0
       1
       0
       0
       1
       2
       0
       0
       0
       0
       1
       0
       0
       0
       1
       1
       0
       0
       0
       2
       0
       0
       1
       1
       2
       0
       0
       0
       1
       0
       0
       1
       1
       0
       0
       0
       1
       0
       0
       0
       1
       1
       0
       0
       1
       1
       0
       0
       0
       0
       0
       0
       0
       0
       1
       0
       0
       0
       0
       0
       0
       0
       0
       0
       0
       0
       0
       1
       0
       0
       0
       0
       1
       0
       0
       2
       2
       1
       0
       0
       0
       0
       1
       0
       0
       0
       1
       1
       0
       0
       0
       0
       0
       0
       0
       0
       0
       0
       0
       0
       1
       0
       0
       0
       0
       1
       0
       0
       0
       0
       0
       0
       0
       0
       1
       0
       1
       0
       1
       1
       0
       0
       0
       0
       0
       0
       0
       0
       0
       1
       0
       1
       1
       0
       0
       0
       0
       0
       1
       2
       1
       0
       0
       0
       1
       1
       1
       0
       1
       0
       0
       0
       2
       0
       0
       1
       0
       0
       0
       0
       1
       0
       0
       0
       0
       1
       1
       0
       0
       0
       0
       1
       0
       0
       0
       0
       0
       0
       1
       0
       1
       0
       0
       3
       0
       0
       1
       0
       0
       0
       0
       1
       1
       1
       1
       0
       0
       1
       0
       0
       0
       0
       1
       2
       1
       0
       0
       1
       0
       0
       0
       0
       0
       0
       0
       0
       1
       0
       0
       0
       0
       0
       1
       0
       0
       0
       0
       1
       0
       1
       0
       2
       0
       1
       2
       0
       0
       0
       1
       1
       1
       1
       0
       0
       1
       1
       0
       1
       0
       0
       0
       0
       1
       2
       1
       2
       1
       0
       3
       0
       3
       1
       1
       1
       1
       1
       1
       1
       6
       0
       2
       2
       1
       1
       2
       0
       0
       1
       0
       2
       1
       0
       0
       0
       1
       0
       0
       1
       1
       0
       1
       2
       1
       0
       0
       3
       1
       1
       0
       0
       0
       0
       0
       0
       0
       0
       0
       0
       0
       0
       2
       1
       0
       0
       0
       1
       1
       2
       0
       0
       2
       0
       0
       2
       1
       1
       0
       0
       0
       2
       0
       1
       0
       1
       0
       0
       0
       0
       0
       0
       0
       0
       0
       0
       0
       0
       0
       1
       0
       0
       0
       1
       0
       0
       0
       0
       0
       0
       0
       0
       1
       0
       1
       0
       0
       0
       0
       1
       0
       0
       0
       0
       1
       0
       0
       0
       0
       0
       1
       1
       0
       0
       0
       0
       0
       0
       0
       0
       0
       0
       0
       0
       0
       1
       0
       0
       0
       0
       0
       0
       0
       0
       0
       0
       0
       1
       0
       0
       0
       0
       0
       0
       0
       0
       0
       0
       0
       0
       0
       1
       0
       0
       0
       0
       0
       0
       1
       0
       0
       0
       1
       0
       0
       0
       0
       1
       0
       0
       1
       0
       0
       0
       1
       1
       0
       0
       0
       0
       0
       0
       0
       0
       1
       0
       0
       0
       0
       0
       0
       0
       0
       1
       1
       1
       0
       0
       0
       0
       0
       0
       0
       0
       0
       0
       0
       0
       0
       0
       0
       0
       0
       0
       0
       0
       0
       0
       0
       0
       1
       0
       0
       0
       0
       1
       0
       0
       0
       0
       0
       0
       0
       0
       0
       0
       0
       0
       0
       0
       0
       0
       0
       0
       0
       0
       0
       0
       0
       0
       1
       0
       0
       0
       0
       0
       0
       0
       0
       0
       1
       0
       0
       0
       0
       1
       0
       0
       1
       0
       0
       2
       1
       0
       0
       0
       0
       0
       0
       0
       0
       0
       0
       0
       1
       0
       0
       0
       0
       0
       0
       0
       0
       0
       0
       0
       0
       0
       0
       1
       0
       0
       0
       0
       0
       0
       0
       0
       0
       0
       0
       0
       0
       1
       0
       0
       2
       0
       0
       0
       0
       1
       0
       1
       0
       0
       0
       0
       1
       0
       0
       0
       0
       0
       1
       1
       0
       1
       0
       1
       0
       0
       0
       0
       1
       0
       0
       0
       0
       0
       0
       0
       0
       0
       0
       0
       0
       0
       0
       0
       0
       0
       0
       0
       0
       0
       0
       0
       0
       0
       0
       0
       0
       0
       0
       0
       0
$ROI:
1
1454 1642
$PRESETS:
Live Time
30
0
$ENER_FIT:
-50.318306 0.895274
$MCA_CAL:
3
-5.031831E+001 8.952744E-001 0.000000E+000 keV
$SHAPE_CAL:
3
5.945939E+000 4.580278E-002 0.000000E+000
>>>>>>> 30f2aac30cd035280123cc892fa21d04fe5f2605
