<<<<<<< HEAD
$SPEC_ID:
No sample description was entered.
$SPEC_REM:
DET# 1
DETDESC# W8481118 Model 928 SN 14338160
AP# Maestro Version 7.01
$DATE_MEA:
03/30/2023 16:10:35
$MEAS_TIM:
60 60
$DATA:
0 2047
       0
       0
       0
       0
       0
       0
       0
       0
       0
       0
       0
       0
       0
       0
       0
      29
      11
      24
      30
      17
      32
      33
      35
      24
      28
      27
      31
      38
      41
      38
      35
      53
      43
      48
      44
      46
      47
      35
      33
      35
      31
      29
      29
      27
      45
      32
      33
      34
      35
      33
      40
      34
      27
      49
      44
      40
      50
      41
      54
      40
      31
      35
      50
      41
      34
      44
      52
      41
      47
      53
      53
      63
      65
      49
      54
      65
      62
      87
      54
      73
      76
      72
      78
      65
      60
      67
      55
      67
      78
      74
      70
      71
      82
      88
      68
      87
      86
      80
      83
      70
      82
      82
      73
      88
      85
      84
      93
      82
      80
     100
      86
      95
      88
      90
      80
      98
      69
      79
      97
     109
      77
      99
      86
      89
      82
      95
      81
      78
      97
      94
      89
      86
      89
      85
      81
      96
      84
      92
      87
      87
      80
      86
      68
      73
      83
      71
      82
      66
      91
      91
      82
      83
      80
      84
      52
      71
      75
      75
      69
      70
      68
      80
      85
      87
      73
      91
      90
      75
      86
      83
      78
      85
      81
      85
     104
      70
      88
      97
      88
      91
      73
     109
      87
      75
      70
      85
      88
      91
      68
      63
      72
      60
      64
      69
      70
      66
      72
      63
      70
      63
      56
      72
      71
      74
      65
      80
      66
      75
      66
      60
      69
      68
      58
      59
      57
      69
      51
      67
      63
      55
      61
      58
      52
      54
      59
      60
      62
      69
      62
      57
      59
      62
      60
      70
      54
      61
      65
      72
      46
      53
      57
      52
      68
      59
      48
      48
      46
      65
      58
      58
      49
      57
      41
      46
      56
      62
      60
      57
      71
      61
      61
      56
      66
      70
      54
      63
      56
      60
      63
      56
      59
      61
      63
      55
      55
      59
      56
      66
      63
      58
      55
      57
      49
      57
      50
      57
      55
      65
      64
      60
      71
      55
      63
      44
      45
      61
      56
      66
      50
      45
      50
      56
      41
      35
      36
      54
      49
      58
      53
      41
      39
      50
      52
      42
      41
      47
      46
      46
      52
      38
      40
      38
      43
      42
      43
      41
      39
      49
      34
      44
      35
      29
      33
      44
      36
      42
      47
      41
      38
      25
      22
      32
      42
      35
      41
      33
      42
      30
      43
      36
      34
      36
      42
      33
      44
      37
      30
      38
      32
      30
      40
      40
      34
      38
      36
      32
      41
      33
      41
      33
      36
      35
      38
      32
      27
      30
      33
      44
      35
      30
      23
      22
      23
      28
      30
      34
      30
      46
      44
      26
      36
      31
      39
      19
      36
      33
      26
      35
      37
      33
      28
      32
      33
      25
      21
      38
      31
      36
      37
      39
      31
      31
      30
      26
      30
      34
      26
      29
      31
      31
      32
      32
      26
      29
      34
      20
      31
      34
      32
      29
      20
      36
      29
      32
      25
      33
      25
      31
      30
      28
      37
      21
      21
      27
      21
      28
      30
      28
      25
      16
      28
      32
      32
      28
      27
      23
      36
      28
      28
      29
      22
      29
      33
      30
      27
      34
      26
      38
      28
      49
      39
      40
      42
      46
      37
      27
      33
      49
      40
      48
      40
      63
      39
      51
      52
      56
      75
      71
      81
      83
      70
      74
      96
      78
      93
      87
      81
      88
     119
      86
      87
      79
      97
      83
     110
      93
      92
     100
     102
      82
     100
     105
      82
      84
      93
      66
      71
      69
      58
      71
      64
      60
      68
      53
      70
      61
      47
      39
      48
      51
      37
      47
      38
      34
      31
      31
      28
      32
      33
      27
      30
      30
      37
      21
      20
      24
      25
      23
      25
      18
      31
      21
      21
      20
      21
      20
      23
      19
      26
      23
      20
      18
      26
      24
      23
      18
      20
      35
      16
      19
      14
      21
      26
      15
      19
      17
      22
      20
      20
      19
      20
      22
      25
      19
      15
      19
      13
      18
      19
      13
      24
      14
      20
      23
      16
      23
      16
      12
      19
      21
      20
      22
      17
      20
      18
      23
      18
      17
      16
      17
      11
      19
      20
      19
      18
      17
      14
      25
      24
      18
      20
      23
      18
      30
      15
      13
      15
      25
      21
      17
      16
      13
      19
      14
      30
      27
      15
      19
      17
      14
      18
      17
      16
      14
      17
      24
      19
      14
      13
      14
      16
      12
      13
      14
       9
      17
      16
      18
      14
      19
      14
      16
      18
      26
      16
      14
      11
      17
      25
      14
      18
      14
      29
      13
      18
      18
      12
      16
      17
      15
      18
      14
      25
      17
      21
      15
      16
      20
      26
      26
      25
      20
      16
      16
      13
      21
      22
      23
      29
      19
      17
      14
      21
      23
      36
      20
      14
      20
      10
      25
      22
      27
      14
      22
      18
      22
      19
      24
      15
      20
      14
      11
      19
      19
      21
      22
      28
      22
      18
      25
      18
      22
      25
      23
      15
      15
      17
      10
      23
      21
      16
      19
      16
      14
      12
      13
      14
      19
      17
      15
      16
      12
      20
      13
       9
      12
      21
       7
      15
      23
      10
      25
      20
      16
      15
      15
      14
      18
      17
      13
      15
      14
      27
      14
      12
      22
      15
      16
       7
      18
      16
      17
      14
      19
      18
      20
      10
      13
      13
      20
      19
      15
      13
      13
      10
      20
      11
      18
      15
      21
      18
      17
      20
      16
      14
      15
       9
      20
      12
      16
      12
      14
      21
      15
      15
      17
      19
      13
      19
      18
      11
      13
      17
      18
      15
      19
      18
      13
      19
      13
       9
      21
      18
      15
      18
      18
      15
      14
      18
      24
      20
      24
      17
      20
      19
      21
      16
      15
      17
      17
      20
      18
       9
      12
      16
      15
      21
      16
      16
      17
       8
      18
      16
      13
      19
      10
      12
      11
      12
      19
      12
      12
      12
      19
      21
      16
      22
      12
      12
      19
      12
      21
      17
      19
      19
      13
       6
      13
      16
      13
      17
      20
      18
      17
      16
      16
      19
      15
      14
      22
      17
      20
      17
      11
      18
      22
      18
      19
      16
      24
       9
      17
      18
      14
       9
      13
      16
      19
      16
      19
      29
      22
      13
      21
      15
      14
      25
      18
      19
      28
      17
      20
      22
      24
      22
      17
      16
      20
      24
      29
      33
      24
      20
      22
      17
      22
      25
      23
      26
      27
      28
      32
      33
      35
      33
      28
      31
      26
      29
      32
      24
      26
      29
      37
      40
      27
      27
      17
      29
      26
      26
      32
      24
      36
      27
      28
      35
      26
      33
      27
      30
      16
      28
      20
      21
      19
      21
      24
      27
      23
      30
      30
      23
      15
      21
      23
      24
      15
      38
      20
      14
       6
      16
      19
      10
      22
      29
      22
      22
      22
      16
      19
      23
      18
      25
      12
      14
      17
      18
      17
      24
      19
      17
      11
      14
      20
      13
      14
      12
      17
      19
      11
      14
      11
      13
      14
      12
      15
      14
       9
      22
      18
       9
      12
      16
      15
      15
      13
       9
      17
      11
      15
      18
      11
       8
       9
      12
      11
       9
      13
       9
      19
      11
      20
       7
      17
      13
      14
      10
      15
      13
      12
      13
      12
      10
      12
       9
      15
      15
      14
      13
      11
      15
       9
      11
      14
      13
      10
      13
      11
      16
       9
      23
      12
      15
      17
      11
      12
       6
      10
      12
      15
      13
      10
      11
      11
       5
       8
      16
      23
      10
      14
      10
       9
      13
      14
       7
      13
      12
      19
      15
      15
      15
      22
      14
      14
       9
      21
      13
      11
      13
      11
       7
      10
      19
      12
      11
      14
      18
      14
      19
      10
      15
      15
      10
      11
      14
      19
      10
      13
      13
      13
      12
       7
      17
       7
      15
      11
      11
      17
       9
       8
      12
      14
      17
      15
       9
      16
      19
      11
      15
      10
      12
      13
      18
       9
      12
      14
      16
       7
      11
      19
      12
       4
      16
      19
      10
      14
      10
      18
      10
       7
       6
      12
      12
      11
      14
      19
      13
      10
      18
      15
      10
      17
      10
      12
      14
      12
      13
      14
      15
      16
       9
      17
       8
      16
      19
      13
      17
      16
      22
      25
      13
      18
      15
      19
      18
      21
      22
      18
      21
      24
      14
      22
      17
      22
      19
      22
      28
      21
      27
      20
      30
      29
      29
      21
      35
      24
      34
      29
      35
      43
      39
      40
      46
      34
      36
      31
      47
      38
      43
      42
      34
      31
      41
      38
      55
      44
      47
      35
      41
      58
      52
      45
      33
      43
      52
      41
      46
      47
      56
      40
      44
      48
      52
      51
      40
      34
      51
      54
      51
      38
      46
      32
      41
      47
      39
      48
      30
      37
      40
      41
      43
      30
      31
      46
      33
      37
      29
      18
      26
      27
      25
      32
      28
      24
      26
      28
      27
      19
      18
      25
      17
      27
      21
      20
      21
      11
      22
      12
      16
      13
      13
      15
      10
      15
      14
       9
       7
      10
      14
       8
      15
       7
       6
      12
       8
       8
      11
       7
      10
       5
       9
       7
       9
       4
       3
       5
      10
       5
       5
       2
      10
       4
       8
       5
       3
       9
       5
      10
       7
       5
       7
       3
       5
       2
       5
       5
       6
       5
       4
       5
       3
       1
       3
       4
       7
       6
       2
       7
       4
       5
       7
       8
       3
       1
       3
       9
       4
       5
       8
       5
       1
       5
       6
       7
       8
       7
       5
       4
       5
       5
       8
       7
       7
       9
       4
       7
       8
       7
       1
      12
       5
       8
       5
       9
       5
       8
      12
      10
      18
      16
       8
      17
      15
      11
      10
       8
       7
       7
      13
      17
      15
      20
      19
      11
      16
      14
      19
      17
      16
      17
      23
      22
      19
      27
      18
      27
      27
      23
      25
      23
      25
      21
      34
      33
      34
      28
      32
      24
      21
      30
      33
      50
      42
      31
      40
      29
      50
      54
      52
      43
      46
      41
      49
      34
      50
      49
      44
      47
      45
      51
      48
      52
      46
      45
      50
      44
      48
      50
      56
      51
      49
      41
      48
      47
      47
      59
      49
      49
      46
      37
      51
      54
      54
      38
      52
      41
      49
      50
      43
      31
      45
      43
      48
      36
      43
      36
      30
      36
      34
      40
      39
      24
      27
      25
      43
      28
      35
      33
      29
      22
      22
      24
      27
      22
      24
      22
      17
      15
      14
       9
      10
      16
      18
      16
      12
      13
       9
      13
       7
      17
      15
       7
       7
       7
       9
       5
      12
       7
       6
       4
       4
      11
       5
       2
      10
       7
       8
       1
       5
       6
       5
       8
       3
       7
       3
       4
       1
       7
       6
       3
       3
       2
       1
       5
       3
       2
       6
       5
       4
       8
       3
       3
       1
       3
       2
       2
       2
       2
       5
       4
       7
       3
       1
       2
       3
       4
       2
       5
       8
       5
       3
       4
       5
       3
       0
       3
       2
       6
       2
       4
       4
       1
       0
       2
       5
       3
       4
       5
       1
       3
       1
       6
       2
       2
       1
       3
       3
       3
       6
       4
       4
       2
       3
       5
       2
       6
       3
       4
       8
       7
       7
       7
      11
       4
       3
       3
       4
       4
       8
       5
       7
       5
       3
       2
       4
       5
       5
       5
       5
       5
       5
       8
       1
       6
       4
       3
       9
       4
       6
       4
       6
       2
       5
       5
       4
       2
       6
       7
       4
       5
       7
       5
       4
       4
       4
       7
       3
       5
       2
       4
       8
       7
       7
       5
      11
       5
       7
       9
       7
       6
       5
       8
       8
       3
       8
       3
       7
      11
       7
       4
       9
       6
       6
      10
       3
       5
       4
       5
       8
       9
       9
      13
       8
      11
       1
      10
       8
       6
       7
       4
       4
       3
       7
       9
       8
       2
       7
       8
       7
       6
       6
       9
       3
       6
       6
       7
       3
       8
       4
       2
       4
       6
       3
       4
       1
       0
       2
       6
       2
       8
       2
       3
       2
       2
       4
       4
       4
       4
       4
       3
       6
       0
       4
       3
       3
       5
       0
       4
       7
       0
       4
       5
       2
       2
       2
       6
       3
       3
       3
       3
       5
       2
       2
       5
       3
       1
       3
       3
       2
       1
       4
       1
       4
       3
       3
       0
       3
       5
       2
       3
       4
       0
       6
       4
       1
       0
       4
       2
       1
       1
       4
       2
       1
       2
       1
       1
       1
       3
       5
       1
       3
       3
       2
       1
       3
       5
       6
       4
       4
       2
       1
       1
       2
       0
       3
       3
       2
       2
       4
       2
       0
       4
       2
       2
       3
       1
       4
       1
       1
       4
       5
       2
       3
       1
       5
       5
       4
       2
       3
       5
       6
       3
       4
       2
       1
       1
       1
       1
       2
       3
       0
       1
       1
       0
       1
       1
       0
       0
       3
       0
       8
       2
       2
       0
       1
       6
       1
       4
       1
       2
       2
       5
       0
       1
       1
       3
       3
       1
       0
       3
       2
       3
       1
       2
       1
       3
       1
       1
       1
       4
       2
       4
       2
       4
       0
       1
       3
       3
       2
       5
       4
       0
       3
       0
       3
       2
       4
       1
       1
       2
       3
       6
       1
       2
       2
       3
       2
       0
       0
       4
       1
       2
       4
       0
       1
       2
       5
       1
       3
       2
       0
       4
       5
       2
       4
       3
       6
       3
       0
       2
       3
       5
       3
       1
       2
       0
       4
       2
       1
       2
       4
       4
       5
       2
       3
       2
       3
       3
       3
       2
       1
       2
       4
       0
       0
       0
       0
       0
       0
       0
       0
       0
       0
       0
       0
       0
       0
       0
       0
       0
       0
       0
       0
       0
       0
       0
       0
       0
       0
       0
       0
       0
       0
       0
       0
       0
$ROI:
4
443 551
897 1008
1202 1351
1416 1596
$PRESETS:
Live Time
60
0
$ENER_FIT:
-50.318306 0.895274
$MCA_CAL:
3
-5.031831E+001 8.952744E-001 0.000000E+000 keV
$SHAPE_CAL:
3
5.945939E+000 4.580278E-002 0.000000E+000
=======
$SPEC_ID:
No sample description was entered.
$SPEC_REM:
DET# 1
DETDESC# W8481118 Model 928 SN 14338160
AP# Maestro Version 7.01
$DATE_MEA:
03/30/2023 16:10:35
$MEAS_TIM:
60 60
$DATA:
0 2047
       0
       0
       0
       0
       0
       0
       0
       0
       0
       0
       0
       0
       0
       0
       0
      29
      11
      24
      30
      17
      32
      33
      35
      24
      28
      27
      31
      38
      41
      38
      35
      53
      43
      48
      44
      46
      47
      35
      33
      35
      31
      29
      29
      27
      45
      32
      33
      34
      35
      33
      40
      34
      27
      49
      44
      40
      50
      41
      54
      40
      31
      35
      50
      41
      34
      44
      52
      41
      47
      53
      53
      63
      65
      49
      54
      65
      62
      87
      54
      73
      76
      72
      78
      65
      60
      67
      55
      67
      78
      74
      70
      71
      82
      88
      68
      87
      86
      80
      83
      70
      82
      82
      73
      88
      85
      84
      93
      82
      80
     100
      86
      95
      88
      90
      80
      98
      69
      79
      97
     109
      77
      99
      86
      89
      82
      95
      81
      78
      97
      94
      89
      86
      89
      85
      81
      96
      84
      92
      87
      87
      80
      86
      68
      73
      83
      71
      82
      66
      91
      91
      82
      83
      80
      84
      52
      71
      75
      75
      69
      70
      68
      80
      85
      87
      73
      91
      90
      75
      86
      83
      78
      85
      81
      85
     104
      70
      88
      97
      88
      91
      73
     109
      87
      75
      70
      85
      88
      91
      68
      63
      72
      60
      64
      69
      70
      66
      72
      63
      70
      63
      56
      72
      71
      74
      65
      80
      66
      75
      66
      60
      69
      68
      58
      59
      57
      69
      51
      67
      63
      55
      61
      58
      52
      54
      59
      60
      62
      69
      62
      57
      59
      62
      60
      70
      54
      61
      65
      72
      46
      53
      57
      52
      68
      59
      48
      48
      46
      65
      58
      58
      49
      57
      41
      46
      56
      62
      60
      57
      71
      61
      61
      56
      66
      70
      54
      63
      56
      60
      63
      56
      59
      61
      63
      55
      55
      59
      56
      66
      63
      58
      55
      57
      49
      57
      50
      57
      55
      65
      64
      60
      71
      55
      63
      44
      45
      61
      56
      66
      50
      45
      50
      56
      41
      35
      36
      54
      49
      58
      53
      41
      39
      50
      52
      42
      41
      47
      46
      46
      52
      38
      40
      38
      43
      42
      43
      41
      39
      49
      34
      44
      35
      29
      33
      44
      36
      42
      47
      41
      38
      25
      22
      32
      42
      35
      41
      33
      42
      30
      43
      36
      34
      36
      42
      33
      44
      37
      30
      38
      32
      30
      40
      40
      34
      38
      36
      32
      41
      33
      41
      33
      36
      35
      38
      32
      27
      30
      33
      44
      35
      30
      23
      22
      23
      28
      30
      34
      30
      46
      44
      26
      36
      31
      39
      19
      36
      33
      26
      35
      37
      33
      28
      32
      33
      25
      21
      38
      31
      36
      37
      39
      31
      31
      30
      26
      30
      34
      26
      29
      31
      31
      32
      32
      26
      29
      34
      20
      31
      34
      32
      29
      20
      36
      29
      32
      25
      33
      25
      31
      30
      28
      37
      21
      21
      27
      21
      28
      30
      28
      25
      16
      28
      32
      32
      28
      27
      23
      36
      28
      28
      29
      22
      29
      33
      30
      27
      34
      26
      38
      28
      49
      39
      40
      42
      46
      37
      27
      33
      49
      40
      48
      40
      63
      39
      51
      52
      56
      75
      71
      81
      83
      70
      74
      96
      78
      93
      87
      81
      88
     119
      86
      87
      79
      97
      83
     110
      93
      92
     100
     102
      82
     100
     105
      82
      84
      93
      66
      71
      69
      58
      71
      64
      60
      68
      53
      70
      61
      47
      39
      48
      51
      37
      47
      38
      34
      31
      31
      28
      32
      33
      27
      30
      30
      37
      21
      20
      24
      25
      23
      25
      18
      31
      21
      21
      20
      21
      20
      23
      19
      26
      23
      20
      18
      26
      24
      23
      18
      20
      35
      16
      19
      14
      21
      26
      15
      19
      17
      22
      20
      20
      19
      20
      22
      25
      19
      15
      19
      13
      18
      19
      13
      24
      14
      20
      23
      16
      23
      16
      12
      19
      21
      20
      22
      17
      20
      18
      23
      18
      17
      16
      17
      11
      19
      20
      19
      18
      17
      14
      25
      24
      18
      20
      23
      18
      30
      15
      13
      15
      25
      21
      17
      16
      13
      19
      14
      30
      27
      15
      19
      17
      14
      18
      17
      16
      14
      17
      24
      19
      14
      13
      14
      16
      12
      13
      14
       9
      17
      16
      18
      14
      19
      14
      16
      18
      26
      16
      14
      11
      17
      25
      14
      18
      14
      29
      13
      18
      18
      12
      16
      17
      15
      18
      14
      25
      17
      21
      15
      16
      20
      26
      26
      25
      20
      16
      16
      13
      21
      22
      23
      29
      19
      17
      14
      21
      23
      36
      20
      14
      20
      10
      25
      22
      27
      14
      22
      18
      22
      19
      24
      15
      20
      14
      11
      19
      19
      21
      22
      28
      22
      18
      25
      18
      22
      25
      23
      15
      15
      17
      10
      23
      21
      16
      19
      16
      14
      12
      13
      14
      19
      17
      15
      16
      12
      20
      13
       9
      12
      21
       7
      15
      23
      10
      25
      20
      16
      15
      15
      14
      18
      17
      13
      15
      14
      27
      14
      12
      22
      15
      16
       7
      18
      16
      17
      14
      19
      18
      20
      10
      13
      13
      20
      19
      15
      13
      13
      10
      20
      11
      18
      15
      21
      18
      17
      20
      16
      14
      15
       9
      20
      12
      16
      12
      14
      21
      15
      15
      17
      19
      13
      19
      18
      11
      13
      17
      18
      15
      19
      18
      13
      19
      13
       9
      21
      18
      15
      18
      18
      15
      14
      18
      24
      20
      24
      17
      20
      19
      21
      16
      15
      17
      17
      20
      18
       9
      12
      16
      15
      21
      16
      16
      17
       8
      18
      16
      13
      19
      10
      12
      11
      12
      19
      12
      12
      12
      19
      21
      16
      22
      12
      12
      19
      12
      21
      17
      19
      19
      13
       6
      13
      16
      13
      17
      20
      18
      17
      16
      16
      19
      15
      14
      22
      17
      20
      17
      11
      18
      22
      18
      19
      16
      24
       9
      17
      18
      14
       9
      13
      16
      19
      16
      19
      29
      22
      13
      21
      15
      14
      25
      18
      19
      28
      17
      20
      22
      24
      22
      17
      16
      20
      24
      29
      33
      24
      20
      22
      17
      22
      25
      23
      26
      27
      28
      32
      33
      35
      33
      28
      31
      26
      29
      32
      24
      26
      29
      37
      40
      27
      27
      17
      29
      26
      26
      32
      24
      36
      27
      28
      35
      26
      33
      27
      30
      16
      28
      20
      21
      19
      21
      24
      27
      23
      30
      30
      23
      15
      21
      23
      24
      15
      38
      20
      14
       6
      16
      19
      10
      22
      29
      22
      22
      22
      16
      19
      23
      18
      25
      12
      14
      17
      18
      17
      24
      19
      17
      11
      14
      20
      13
      14
      12
      17
      19
      11
      14
      11
      13
      14
      12
      15
      14
       9
      22
      18
       9
      12
      16
      15
      15
      13
       9
      17
      11
      15
      18
      11
       8
       9
      12
      11
       9
      13
       9
      19
      11
      20
       7
      17
      13
      14
      10
      15
      13
      12
      13
      12
      10
      12
       9
      15
      15
      14
      13
      11
      15
       9
      11
      14
      13
      10
      13
      11
      16
       9
      23
      12
      15
      17
      11
      12
       6
      10
      12
      15
      13
      10
      11
      11
       5
       8
      16
      23
      10
      14
      10
       9
      13
      14
       7
      13
      12
      19
      15
      15
      15
      22
      14
      14
       9
      21
      13
      11
      13
      11
       7
      10
      19
      12
      11
      14
      18
      14
      19
      10
      15
      15
      10
      11
      14
      19
      10
      13
      13
      13
      12
       7
      17
       7
      15
      11
      11
      17
       9
       8
      12
      14
      17
      15
       9
      16
      19
      11
      15
      10
      12
      13
      18
       9
      12
      14
      16
       7
      11
      19
      12
       4
      16
      19
      10
      14
      10
      18
      10
       7
       6
      12
      12
      11
      14
      19
      13
      10
      18
      15
      10
      17
      10
      12
      14
      12
      13
      14
      15
      16
       9
      17
       8
      16
      19
      13
      17
      16
      22
      25
      13
      18
      15
      19
      18
      21
      22
      18
      21
      24
      14
      22
      17
      22
      19
      22
      28
      21
      27
      20
      30
      29
      29
      21
      35
      24
      34
      29
      35
      43
      39
      40
      46
      34
      36
      31
      47
      38
      43
      42
      34
      31
      41
      38
      55
      44
      47
      35
      41
      58
      52
      45
      33
      43
      52
      41
      46
      47
      56
      40
      44
      48
      52
      51
      40
      34
      51
      54
      51
      38
      46
      32
      41
      47
      39
      48
      30
      37
      40
      41
      43
      30
      31
      46
      33
      37
      29
      18
      26
      27
      25
      32
      28
      24
      26
      28
      27
      19
      18
      25
      17
      27
      21
      20
      21
      11
      22
      12
      16
      13
      13
      15
      10
      15
      14
       9
       7
      10
      14
       8
      15
       7
       6
      12
       8
       8
      11
       7
      10
       5
       9
       7
       9
       4
       3
       5
      10
       5
       5
       2
      10
       4
       8
       5
       3
       9
       5
      10
       7
       5
       7
       3
       5
       2
       5
       5
       6
       5
       4
       5
       3
       1
       3
       4
       7
       6
       2
       7
       4
       5
       7
       8
       3
       1
       3
       9
       4
       5
       8
       5
       1
       5
       6
       7
       8
       7
       5
       4
       5
       5
       8
       7
       7
       9
       4
       7
       8
       7
       1
      12
       5
       8
       5
       9
       5
       8
      12
      10
      18
      16
       8
      17
      15
      11
      10
       8
       7
       7
      13
      17
      15
      20
      19
      11
      16
      14
      19
      17
      16
      17
      23
      22
      19
      27
      18
      27
      27
      23
      25
      23
      25
      21
      34
      33
      34
      28
      32
      24
      21
      30
      33
      50
      42
      31
      40
      29
      50
      54
      52
      43
      46
      41
      49
      34
      50
      49
      44
      47
      45
      51
      48
      52
      46
      45
      50
      44
      48
      50
      56
      51
      49
      41
      48
      47
      47
      59
      49
      49
      46
      37
      51
      54
      54
      38
      52
      41
      49
      50
      43
      31
      45
      43
      48
      36
      43
      36
      30
      36
      34
      40
      39
      24
      27
      25
      43
      28
      35
      33
      29
      22
      22
      24
      27
      22
      24
      22
      17
      15
      14
       9
      10
      16
      18
      16
      12
      13
       9
      13
       7
      17
      15
       7
       7
       7
       9
       5
      12
       7
       6
       4
       4
      11
       5
       2
      10
       7
       8
       1
       5
       6
       5
       8
       3
       7
       3
       4
       1
       7
       6
       3
       3
       2
       1
       5
       3
       2
       6
       5
       4
       8
       3
       3
       1
       3
       2
       2
       2
       2
       5
       4
       7
       3
       1
       2
       3
       4
       2
       5
       8
       5
       3
       4
       5
       3
       0
       3
       2
       6
       2
       4
       4
       1
       0
       2
       5
       3
       4
       5
       1
       3
       1
       6
       2
       2
       1
       3
       3
       3
       6
       4
       4
       2
       3
       5
       2
       6
       3
       4
       8
       7
       7
       7
      11
       4
       3
       3
       4
       4
       8
       5
       7
       5
       3
       2
       4
       5
       5
       5
       5
       5
       5
       8
       1
       6
       4
       3
       9
       4
       6
       4
       6
       2
       5
       5
       4
       2
       6
       7
       4
       5
       7
       5
       4
       4
       4
       7
       3
       5
       2
       4
       8
       7
       7
       5
      11
       5
       7
       9
       7
       6
       5
       8
       8
       3
       8
       3
       7
      11
       7
       4
       9
       6
       6
      10
       3
       5
       4
       5
       8
       9
       9
      13
       8
      11
       1
      10
       8
       6
       7
       4
       4
       3
       7
       9
       8
       2
       7
       8
       7
       6
       6
       9
       3
       6
       6
       7
       3
       8
       4
       2
       4
       6
       3
       4
       1
       0
       2
       6
       2
       8
       2
       3
       2
       2
       4
       4
       4
       4
       4
       3
       6
       0
       4
       3
       3
       5
       0
       4
       7
       0
       4
       5
       2
       2
       2
       6
       3
       3
       3
       3
       5
       2
       2
       5
       3
       1
       3
       3
       2
       1
       4
       1
       4
       3
       3
       0
       3
       5
       2
       3
       4
       0
       6
       4
       1
       0
       4
       2
       1
       1
       4
       2
       1
       2
       1
       1
       1
       3
       5
       1
       3
       3
       2
       1
       3
       5
       6
       4
       4
       2
       1
       1
       2
       0
       3
       3
       2
       2
       4
       2
       0
       4
       2
       2
       3
       1
       4
       1
       1
       4
       5
       2
       3
       1
       5
       5
       4
       2
       3
       5
       6
       3
       4
       2
       1
       1
       1
       1
       2
       3
       0
       1
       1
       0
       1
       1
       0
       0
       3
       0
       8
       2
       2
       0
       1
       6
       1
       4
       1
       2
       2
       5
       0
       1
       1
       3
       3
       1
       0
       3
       2
       3
       1
       2
       1
       3
       1
       1
       1
       4
       2
       4
       2
       4
       0
       1
       3
       3
       2
       5
       4
       0
       3
       0
       3
       2
       4
       1
       1
       2
       3
       6
       1
       2
       2
       3
       2
       0
       0
       4
       1
       2
       4
       0
       1
       2
       5
       1
       3
       2
       0
       4
       5
       2
       4
       3
       6
       3
       0
       2
       3
       5
       3
       1
       2
       0
       4
       2
       1
       2
       4
       4
       5
       2
       3
       2
       3
       3
       3
       2
       1
       2
       4
       0
       0
       0
       0
       0
       0
       0
       0
       0
       0
       0
       0
       0
       0
       0
       0
       0
       0
       0
       0
       0
       0
       0
       0
       0
       0
       0
       0
       0
       0
       0
       0
       0
$ROI:
4
443 551
897 1008
1202 1351
1416 1596
$PRESETS:
Live Time
60
0
$ENER_FIT:
-50.318306 0.895274
$MCA_CAL:
3
-5.031831E+001 8.952744E-001 0.000000E+000 keV
$SHAPE_CAL:
3
5.945939E+000 4.580278E-002 0.000000E+000
>>>>>>> 30f2aac30cd035280123cc892fa21d04fe5f2605
