$SPEC_ID:
No sample description was entered.
$SPEC_REM:
DET# 1
DETDESC# W8481118 Model 928 SN 14338160
AP# Maestro Version 7.01
$DATE_MEA:
03/30/2023 15:58:18
$MEAS_TIM:
60 60
$DATA:
0 2047
       0
       0
       0
       0
       0
       0
       0
       0
       0
       0
       0
       0
       0
       0
       0
      29
      25
      21
      40
      47
      30
      32
      31
      48
      27
      32
      34
      36
      43
      39
      42
      60
      56
      49
      54
      51
      47
      44
      52
      56
      37
      58
      35
      32
      46
      44
      35
      40
      52
      34
      32
      28
      33
      35
      38
      35
      37
      37
      51
      64
      39
      51
      41
      45
      53
      45
      57
      55
      58
      55
      48
      54
      71
      56
      66
      69
      58
      73
      72
      86
      60
      67
      66
      70
      66
      59
      79
      77
      91
      84
      87
      78
      80
      81
      86
      80
      92
      92
      84
      99
      98
      97
      76
      86
      91
      93
     118
      84
      86
     101
      84
      65
      91
      83
      99
      96
      85
      95
      97
      84
      90
      71
      97
     105
      80
      98
      72
      96
      84
      82
     118
      74
      84
     102
      98
      70
      94
      90
      82
      85
      97
      71
     117
      90
      82
      86
      79
      99
      83
     114
      73
      87
      80
      91
      75
      93
      95
      87
      88
      80
      84
      94
      88
      80
      92
      87
      80
      82
      91
      71
     106
      89
     110
     102
     115
     108
     106
     100
      84
      77
      99
     107
     107
      87
      94
      99
      91
      90
      91
      71
      73
      69
      81
      68
      59
      72
      76
      64
      74
      59
      70
      75
      66
      66
      70
      53
      68
      76
      66
      69
      73
      62
      66
      65
      61
      54
      59
      55
      74
      70
      59
      58
      63
      58
      64
      65
      64
      70
      64
      59
      62
      62
      55
      49
      44
      61
      62
      70
      57
      80
      58
      68
      68
      76
      61
      66
      51
      64
      62
      64
      49
      65
      62
      60
      52
      59
      68
      52
      67
      53
      72
      78
      51
      72
      71
      69
      73
      60
      75
      64
      77
      68
      62
      74
      61
      45
      65
      69
      57
      62
      67
      60
      61
      68
      67
      59
      59
      72
      50
      54
      61
      65
      65
      61
      62
      49
      61
      61
      52
      57
      56
      53
      52
      61
      50
      56
      50
      54
      54
      42
      51
      38
      46
      60
      40
      59
      48
      59
      63
      36
      36
      46
      46
      45
      43
      38
      36
      51
      47
      43
      40
      39
      39
      45
      38
      52
      35
      39
      45
      40
      44
      44
      43
      40
      50
      44
      47
      46
      31
      39
      38
      46
      41
      40
      41
      41
      39
      43
      43
      33
      44
      39
      40
      52
      40
      33
      47
      38
      45
      44
      56
      45
      30
      39
      27
      35
      50
      29
      38
      26
      31
      35
      24
      47
      41
      38
      33
      38
      48
      34
      30
      25
      31
      40
      28
      53
      35
      37
      32
      38
      52
      32
      36
      30
      28
      42
      33
      34
      39
      37
      48
      30
      35
      38
      39
      42
      34
      40
      38
      35
      41
      35
      31
      31
      23
      25
      45
      37
      26
      38
      33
      24
      35
      28
      37
      30
      35
      29
      31
      36
      35
      32
      34
      34
      31
      29
      42
      35
      31
      33
      31
      38
      17
      19
      25
      25
      42
      25
      27
      38
      42
      32
      23
      37
      37
      26
      26
      31
      39
      43
      44
      47
      37
      44
      49
      43
      47
      50
      59
      60
      55
      69
      69
      58
      69
      56
      79
      74
      87
      81
     109
      93
      96
      84
     100
      89
     117
      85
      90
      87
      97
     115
      90
     104
     103
     125
     116
     111
     105
     112
      99
      79
      99
      78
      87
      92
     115
      74
      82
     100
      84
      70
      79
      64
      65
      62
      68
      45
      50
      45
      48
      54
      41
      42
      46
      41
      41
      35
      34
      42
      31
      25
      27
      23
      31
      28
      28
      29
      27
      22
      29
      24
      28
      27
      24
      30
      22
      21
      20
      22
      29
      30
      21
      19
      19
      34
      28
      27
      13
      16
      17
      13
      21
      24
      25
      30
      18
      26
      28
      13
      18
      22
      21
      20
      15
      23
      27
      23
      16
      30
      21
      20
      23
      14
      19
      19
      35
      32
      19
      15
      21
      24
      23
      24
      33
      16
      19
      22
      20
      18
      30
      18
      16
      26
      24
      16
      16
      28
      18
      12
      18
      27
      24
      24
      18
      20
      29
      21
      29
      17
      13
      26
      16
      18
      16
      27
      16
      29
      16
      21
      27
      18
      31
      27
      25
      20
      18
      15
      23
      13
      23
      27
      18
      16
      20
      13
      18
      22
      18
      21
      23
      25
      19
      23
      24
      25
      29
      16
      24
      10
      12
      25
      20
      18
      18
      22
      12
      20
      18
      28
      17
      21
      23
      20
      22
      23
      18
      26
      19
      20
      29
      24
      11
      19
      26
      13
      23
      20
      19
      21
      20
      31
      22
      20
      23
      27
      18
      26
      29
      27
      17
      19
      14
      27
      21
      19
      24
      26
      26
      23
      19
      21
      13
      21
      22
      19
      19
      20
      24
      28
      31
      25
      21
      22
      20
      20
      24
      23
      25
      16
      12
      18
      16
      12
      25
      25
      16
      24
      15
      24
      14
      19
      14
      17
      19
      18
      15
      18
      15
      13
      24
      19
      20
      18
      18
      23
      19
      20
      17
      18
      14
      18
      16
      26
      14
      16
      14
      23
      21
      21
      19
      19
       9
      24
      16
      19
      30
      16
      15
      17
      19
      18
      23
      31
      23
      24
      20
      19
      15
      10
      18
      19
      13
      14
      26
      17
      17
      16
      17
      21
      17
      16
      22
      16
      15
      17
      29
      20
      18
      12
      17
      17
      20
      13
      23
      11
      18
      17
      24
      14
      24
      29
      21
      17
      23
      25
      21
      10
      14
      29
      15
      24
      19
      14
      21
      19
      16
      19
      17
      14
      22
      14
      19
      17
      20
      24
      18
      16
      19
      14
      23
      21
      25
      18
      13
      20
      23
      28
      14
      16
      17
      17
      14
      17
      15
       8
      16
      17
      17
      21
      17
      19
       6
      17
      19
      23
      20
      26
      23
      18
      21
      19
      18
      23
      17
      16
      15
      21
      14
      23
      15
      22
      19
      11
      24
      13
      14
      12
      17
      14
      26
      18
      19
      18
      21
      29
      20
      18
      27
      16
      26
      19
      28
      23
      18
      19
      25
      19
      31
      22
      27
      19
      24
      20
      22
      21
      29
      26
      27
      20
      35
      21
      34
      29
      37
      42
      23
      32
      25
      28
      25
      28
      39
      26
      35
      38
      28
      35
      30
      21
      43
      19
      35
      42
      37
      32
      41
      35
      39
      29
      34
      27
      26
      38
      29
      30
      38
      31
      37
      26
      30
      24
      36
      29
      28
      31
      25
      22
      25
      29
      25
      28
      34
      32
      32
      24
      27
      37
      28
      28
      17
      26
      26
      21
      17
      19
      20
      22
      29
      25
      22
      25
      15
      18
      17
      19
      25
      22
      23
      13
      26
      11
      25
      11
      20
      26
      12
      25
      17
      24
      16
      23
      17
      20
      18
      26
      11
      25
      13
      14
      18
      19
      16
      14
      15
      12
      22
      16
      19
      20
      14
      16
      19
      19
      12
      14
      22
      17
      16
      18
       6
      13
      10
      20
       9
      10
      12
      19
      14
      15
      15
      20
      17
      16
      14
      15
      16
      12
      24
      17
      19
      18
      21
      10
      19
      11
      16
       7
      26
      22
      17
      13
      14
      14
      14
      17
      20
      14
      13
      14
      13
       8
      18
      11
      20
      11
       9
      10
      16
      18
      12
      17
      20
      21
      14
      13
      15
      11
      14
       9
      16
      18
      14
      16
      14
      16
       9
      11
      11
      10
       7
       9
      10
      17
      11
      15
      11
      15
      12
      11
      10
      15
      13
       9
      17
      17
      15
      13
      11
      19
      17
      14
      13
      15
      24
      12
       7
      19
      20
      14
      17
      12
      12
      10
      11
      11
      17
      18
      13
      20
      13
      21
      13
      18
      12
      19
      18
      17
      15
      11
      18
      10
      12
      16
      18
      14
      23
      10
       8
      15
      15
      10
      24
      17
       9
      17
      13
       9
      14
      19
      22
      26
      16
      14
      21
      16
      21
      13
      19
      22
      18
      18
      21
      11
      26
      19
      21
      16
      18
      15
      27
      23
      19
      19
      15
      14
      22
      25
      18
      21
      25
      20
      29
      24
      23
      22
      21
      42
      27
      43
      33
      25
      32
      43
      44
      41
      29
      32
      46
      48
      34
      40
      35
      46
      42
      41
      37
      44
      47
      44
      55
      37
      38
      38
      49
      50
      43
      52
      61
      56
      60
      52
      55
      46
      61
      50
      42
      59
      53
      68
      53
      59
      49
      54
      48
      51
      45
      53
      61
      56
      57
      46
      49
      44
      56
      45
      61
      50
      41
      45
      40
      49
      38
      42
      41
      44
      59
      38
      38
      40
      20
      37
      28
      28
      30
      25
      17
      31
      31
      31
      38
      20
      31
      27
      20
      21
      17
      17
      15
      15
      23
       9
      16
      19
      19
      12
      14
      22
      16
      12
      11
      12
      13
      10
      17
       8
      11
      10
       7
       8
       4
       8
       6
       9
       4
       5
       8
      10
       9
      13
       8
       4
       9
       5
       7
       8
       5
       4
       8
       5
      10
       7
       4
       7
       9
       8
       5
       5
       6
       9
       6
       4
       5
       5
       7
       3
       8
       4
       9
       3
       5
      10
       7
       3
       6
       4
       6
       7
       4
      10
       7
       2
       4
       7
       4
       7
       4
       7
       6
       8
       6
       5
       3
       7
       9
      12
       4
       4
       4
       3
       7
       8
       4
       9
      10
       6
       6
      10
      10
       9
      17
      13
      10
      13
       9
       9
      15
      13
      13
      16
      15
       8
      14
      19
      18
      16
      21
      17
      27
      19
      13
      23
      24
      23
      24
      25
      16
      25
      21
      30
      36
      39
      31
      29
      40
      40
      36
      38
      35
      29
      32
      53
      39
      40
      46
      34
      49
      51
      45
      31
      44
      46
      51
      40
      41
      60
      44
      57
      52
      52
      56
      59
      51
      54
      63
      53
      56
      52
      62
      53
      53
      48
      70
      61
      65
      47
      64
      56
      54
      68
      59
      59
      49
      55
      50
      51
      48
      60
      58
      51
      51
      58
      42
      47
      49
      43
      42
      35
      37
      45
      38
      29
      36
      35
      39
      27
      36
      32
      34
      40
      26
      31
      31
      22
      24
      32
      21
      25
      23
      20
      17
      17
      19
      16
      19
      18
      10
      12
      14
      12
      15
      20
      11
       9
      16
      13
       6
      13
       9
      15
       6
       1
       8
       8
      10
       6
       7
       6
       8
       5
       6
       4
       8
       6
       4
       3
       2
       5
       8
       2
       9
       2
       5
       6
       2
       3
       3
       2
       5
       3
       7
       2
       2
       3
       2
       3
       6
       1
       7
       1
       2
       5
       1
       3
       4
       3
       5
       2
      10
       4
       2
       2
       3
       6
       4
       6
       5
       5
       4
       1
       2
       3
       5
       3
       2
       3
       5
       3
       5
       6
       3
       2
       5
       4
       2
       5
       4
       1
       6
       6
       1
       7
       3
       3
       2
       5
       2
       3
       3
       7
       6
       7
       3
       6
       5
       3
       5
       7
      12
       6
       6
       2
       5
       9
      10
       6
       3
       6
       8
       7
       7
       7
       9
       5
       8
       2
       5
       4
       7
       9
      13
       6
       2
       9
       4
      11
      10
       5
      11
       6
       7
      10
       7
       5
       5
      11
      11
       9
      11
      11
       7
       6
       9
       4
       7
       5
       7
       9
       9
      13
      10
      10
      11
       4
       6
       9
      14
       6
       9
      10
       6
      13
       6
      19
       6
       8
      12
       9
       9
       9
       6
       8
      13
      12
      16
       7
       6
       8
       9
      14
      12
       7
      13
       4
       8
       6
       6
       9
       9
      11
       6
       9
       9
       5
       5
       3
       2
       8
       9
       7
       8
       7
       6
       5
       8
       2
       7
      13
       6
       3
       4
       2
       3
       9
       7
       7
       9
       8
       4
       6
       3
       8
       5
       5
       4
      11
       4
       3
       1
       4
       2
       4
       8
       4
       3
       2
       0
       8
       0
       4
       3
       4
       3
       2
       3
       2
       3
       5
       4
       3
       2
       2
       5
       3
       2
       4
       1
       2
       2
       2
       4
       4
       1
       2
       4
       3
       3
       4
       1
       5
       4
       4
       1
       1
       1
       2
       1
       0
       4
       3
       6
       1
       4
       6
       2
       4
       1
       1
       3
       4
       7
       3
       1
       1
       3
       2
       1
       2
       3
       1
       1
       3
       2
       3
       1
       3
       3
       4
       2
       4
       5
       5
       4
       2
       2
       2
       2
       2
       2
       3
       3
       0
       3
       0
       1
       3
       4
       2
       1
       2
       3
       1
       4
       5
       3
       3
       0
       6
       1
       2
       1
       0
       3
       3
       1
       0
       2
       5
       2
       3
       4
       3
       1
       3
       3
       3
       3
       4
       3
       2
       4
       1
       3
       2
       5
       3
       3
       1
       1
       2
       7
       3
       1
       3
       3
       2
       0
       1
       2
       5
       1
       4
       0
       7
       3
       1
       7
       4
       2
       4
       3
       6
       6
       1
       1
       1
       7
       0
       2
       1
       5
       5
       6
       2
       4
       3
       3
       4
       3
       4
       1
       2
       6
       7
       4
       2
       3
       6
       3
       4
       5
       6
       2
       3
       2
       2
       3
       8
       4
       5
       6
       2
       5
       3
       4
       5
       3
       4
       0
       2
       7
       1
       4
       4
       7
       1
       0
       0
       0
       0
       0
       0
       0
       0
       0
       0
       0
       0
       0
       0
       0
       0
       0
       0
       0
       0
       0
       0
       0
       0
       0
       0
       0
       0
       0
       0
       0
       0
$ROI:
4
443 551
897 1008
1202 1351
1416 1596
$PRESETS:
Live Time
60
0
$ENER_FIT:
-50.318306 0.895274
$MCA_CAL:
3
-5.031831E+001 8.952744E-001 0.000000E+000 keV
$SHAPE_CAL:
3
5.945939E+000 4.580278E-002 0.000000E+000
