$SPEC_ID:
No sample description was entered.
$SPEC_REM:
DET# 1
DETDESC# W8481118 Model 928 SN 14338160
AP# Maestro Version 7.01
$DATE_MEA:
03/30/2023 15:45:19
$MEAS_TIM:
60 60
$DATA:
0 2047
       0
       0
       0
       0
       0
       0
       0
       0
       0
       0
       0
       0
       0
       0
       0
      32
      26
      37
      27
      28
      30
      33
      36
      27
      32
      32
      37
      41
      35
      43
      38
      50
      48
      53
      51
      75
      61
      48
      44
      38
      47
      37
      31
      38
      36
      50
      38
      48
      34
      39
      37
      50
      40
      40
      54
      42
      49
      48
      37
      36
      42
      55
      44
      38
      54
      55
      46
      55
      59
      56
      78
      53
      57
      55
      58
      44
      71
      65
      66
      57
      85
      63
      84
      74
      81
      81
      75
      95
      92
      96
      85
      75
     108
      84
      81
      86
     110
      77
      83
     104
      88
      92
      97
      78
      89
      76
      89
      82
     100
     102
      80
      99
      79
      93
      90
     104
     100
      88
     103
      92
      82
      94
      86
      82
      91
      93
      83
      96
     100
     101
      85
     104
      98
      83
     101
      89
     111
      96
      89
      97
      74
      92
     101
      91
     101
      84
      76
      99
      92
      82
      94
     104
      84
      77
      97
      91
      84
      92
      79
      76
      77
      99
      87
     104
      81
      72
      87
      99
     101
      79
      97
     121
     107
     114
      95
     101
     110
     120
     101
     112
     104
      99
     114
     116
      95
      93
      87
      98
     104
      95
      79
      82
      82
      71
      80
      79
      87
      66
      86
      78
      76
      69
      92
      71
      68
     101
      85
      73
      71
      66
      76
      57
      64
      58
      73
      66
      70
      55
      60
      72
      62
      71
      81
      58
      70
      84
      86
      82
      65
      62
      80
      70
      69
      73
      64
      58
      73
      61
      62
      55
      68
      61
      65
      78
      63
      63
      44
      52
      59
      86
      70
      77
      71
      52
      68
      79
      59
      61
      62
      76
      67
      70
      66
      64
      64
      60
      66
      64
      68
      78
      66
      66
      79
      77
      60
      72
      54
      68
      86
      73
      77
      60
      73
      96
      66
      63
      64
      63
      63
      67
      73
      52
      79
      71
      61
      68
      53
      77
      59
      56
      78
      88
      83
      66
      58
      58
      58
      65
      66
      60
      47
      56
      50
      51
      59
      54
      47
      59
      59
      50
      51
      46
      41
      44
      53
      56
      51
      56
      54
      51
      54
      51
      44
      55
      46
      44
      57
      34
      50
      52
      39
      33
      49
      52
      47
      40
      45
      47
      56
      45
      64
      60
      56
      57
      42
      41
      60
      41
      51
      35
      32
      48
      45
      46
      36
      35
      46
      34
      39
      47
      43
      35
      39
      52
      42
      38
      45
      49
      39
      32
      33
      35
      38
      28
      27
      27
      28
      36
      29
      26
      48
      35
      43
      43
      31
      33
      28
      50
      33
      40
      38
      41
      41
      40
      35
      39
      46
      37
      49
      35
      46
      42
      36
      39
      37
      32
      43
      35
      42
      36
      40
      30
      41
      43
      39
      44
      38
      42
      46
      41
      38
      54
      32
      36
      46
      37
      48
      38
      49
      24
      39
      28
      28
      33
      38
      33
      39
      36
      30
      41
      35
      40
      30
      43
      39
      39
      32
      35
      29
      34
      31
      30
      30
      40
      35
      34
      35
      53
      45
      45
      53
      42
      40
      43
      53
      51
      46
      72
      61
      60
      74
      52
      76
      79
      67
      70
      90
      80
      86
      96
      95
     117
      94
     108
     103
     121
     127
     141
     123
     113
     121
     131
     136
     131
     127
     135
     126
     128
     124
     101
     115
     107
     117
     114
     104
     110
     104
     105
     101
     104
      78
      93
      98
      80
      77
      74
      61
      50
      67
      51
      53
      43
      55
      50
      47
      57
      49
      54
      29
      39
      33
      30
      37
      28
      33
      33
      21
      23
      34
      23
      35
      37
      27
      27
      16
      26
      26
      28
      24
      29
      26
      27
      29
      27
      31
      24
      25
      32
      25
      27
      24
      22
      18
      32
      31
      29
      35
      23
      22
      30
      23
      21
      25
      23
      22
      31
      24
      18
      32
      27
      20
      21
      32
      21
      26
      24
      27
      25
      31
      29
      29
      28
      22
      33
      28
      20
      20
      17
      27
      18
      23
      20
      24
      26
      15
      23
      29
      26
      37
      18
      24
      25
      22
      21
      19
      25
      26
      23
      28
      25
      23
      30
      23
      20
      26
      25
      25
      23
      23
      35
      23
      28
      21
      28
      16
      20
      34
      29
      23
      27
      24
      29
      26
      17
      21
      18
      29
      29
      22
      22
      21
      29
      31
      20
      27
      29
      22
      25
      14
      21
      35
      20
      21
      32
      18
      23
      21
      26
      27
      17
      26
      21
      27
      15
      18
      19
      25
      23
      18
      21
      20
      24
      25
      27
      29
      21
      29
      24
      20
      30
      18
      22
      44
      18
      26
      28
      27
      21
      24
      25
      21
      19
      30
      24
      21
      25
      28
      28
      26
      15
      19
      19
      20
      29
      32
      30
      15
      20
      21
      21
      19
      30
      32
      27
      28
      29
      17
      27
      24
      29
      20
      20
      21
      30
      20
      18
      20
      31
      22
      18
      26
      32
      28
      15
      21
      20
      23
      20
      27
      17
      33
      17
      27
      18
      27
      34
      17
      16
      29
      21
      20
      23
      21
      22
      19
      16
      25
      23
      23
      23
      12
      20
      13
      24
      17
      20
      20
      23
      27
      16
      19
      22
      25
      15
      18
      16
      15
      19
      22
      15
      12
      20
      24
      32
      20
      23
      20
      28
      19
      21
      23
      23
      29
      17
      27
      26
      23
      18
      14
      21
      19
      22
      19
      17
      22
      23
      24
      18
      22
      26
      12
      22
      25
      27
      21
      20
      23
      19
      21
      16
      21
      13
      19
      21
      21
      15
      27
      19
      28
      10
      15
      27
      20
      22
      19
      21
      21
      24
      18
      18
      19
      17
      24
      21
      35
      23
      23
      22
      22
      15
      14
      18
      29
      21
      29
      23
      29
      22
      15
      17
      22
      23
      26
      26
      13
      18
      22
      17
      29
      19
      20
      26
      20
      23
      22
      20
      26
      11
      26
      18
      26
      23
      19
      29
      19
      23
      19
      21
      25
      25
      26
      17
      21
      21
      22
      32
      24
      32
      32
      21
      17
      28
      33
      30
      31
      25
      39
      23
      24
      27
      37
      27
      37
      23
      32
      29
      29
      27
      40
      23
      24
      33
      27
      33
      29
      29
      46
      41
      29
      47
      30
      29
      42
      45
      39
      45
      36
      36
      34
      43
      45
      39
      43
      37
      42
      30
      40
      32
      37
      35
      41
      49
      37
      38
      32
      39
      38
      45
      44
      32
      27
      41
      37
      31
      26
      29
      42
      28
      34
      24
      23
      36
      33
      26
      37
      27
      26
      36
      18
      33
      24
      21
      33
      24
      21
      29
      24
      22
      28
      22
      21
      27
      16
      25
      19
      18
      19
      20
      27
      23
      17
      23
      19
      20
      18
      18
      22
      25
      21
      15
      21
      18
      22
      21
      14
      16
      21
      28
      23
      23
      19
      23
      12
      18
      25
      19
      15
      18
      18
      14
      19
      18
      21
      15
      21
      19
      20
      16
      17
      21
      13
      19
      22
      16
      20
      15
      16
      22
      20
      21
      28
      21
      24
      16
      16
      18
      14
      19
      19
      13
      22
      11
      21
      15
      13
      12
      17
      16
      24
      17
      18
      17
      16
      22
      17
      17
      15
      25
      14
      16
      14
      10
      19
      23
      22
      20
      15
      15
      15
      22
      20
      14
      15
      21
      12
       8
      14
      18
      18
      20
      23
      12
      24
      17
      12
      17
      14
      10
      19
      13
      19
      18
      18
      19
      21
      12
      25
      22
      11
      16
      12
      29
      13
      21
      10
      18
      19
      26
      10
      25
      18
      11
      20
      11
      14
      17
      14
      18
      27
      12
      21
      18
      11
      18
      19
      12
      20
      15
      14
      13
      20
      13
      17
      24
      23
      16
      17
      20
      25
      16
      19
      16
      18
      13
      21
      17
      20
      14
      22
      17
      19
      18
      16
      19
      18
      17
      17
      16
      18
      15
       9
      13
      16
      16
      21
      18
      26
      18
      17
      22
      13
      19
      26
      25
      31
      11
      21
      25
      25
      20
      20
      26
      25
      23
      30
      33
      32
      26
      22
      22
      24
      27
      25
      38
      30
      37
      31
      32
      34
      30
      32
      47
      38
      39
      47
      45
      47
      50
      48
      37
      44
      47
      38
      60
      40
      57
      60
      69
      39
      56
      55
      50
      63
      63
      58
      68
      44
      68
      45
      63
      72
      59
      57
      70
      62
      47
      58
      56
      58
      66
      65
      58
      77
      46
      64
      69
      63
      61
      59
      62
      64
      65
      64
      64
      59
      63
      79
      64
      57
      67
      61
      59
      53
      45
      54
      33
      49
      51
      53
      40
      51
      36
      39
      36
      40
      43
      39
      31
      34
      33
      34
      29
      32
      19
      28
      25
      25
      27
      19
      22
      19
      19
      20
      12
      22
      11
      11
      15
      21
      21
      19
       8
      10
      10
       3
      14
       9
      13
      10
       8
       8
      11
       4
       7
       8
      11
      13
       7
      10
       8
       6
       8
       9
       8
       5
       6
       8
       9
       6
      11
       8
       6
       7
       5
       6
       4
       6
      14
       7
       7
      11
       6
       6
       6
      11
       9
       8
       4
       9
       4
       7
       9
       8
       4
       4
       4
       4
       9
      13
       6
       6
       9
       5
       9
       7
      10
       7
       5
       7
       6
       4
       5
       6
       6
       7
       9
       9
      11
      14
       6
       8
      10
       9
       8
      13
       9
       7
      10
      22
      13
      14
      13
      12
      13
      10
      18
      12
      11
      16
      17
      19
      19
      19
      23
      15
      20
      18
      24
      23
      30
      16
      28
      21
      25
      25
      26
      31
      37
      27
      38
      43
      37
      41
      35
      39
      39
      36
      56
      40
      46
      42
      51
      58
      42
      46
      50
      53
      51
      50
      46
      53
      60
      68
      63
      57
      52
      57
      53
      51
      48
      52
      69
      69
      62
      68
      59
      63
      76
      71
      76
      66
      71
      72
      59
      80
      66
      63
      74
      66
      60
      61
      55
      77
      73
      54
      72
      58
      60
      62
      72
      59
      64
      45
      50
      60
      47
      60
      50
      47
      39
      47
      49
      53
      51
      44
      50
      36
      42
      44
      42
      43
      30
      35
      33
      31
      35
      32
      29
      31
      24
      25
      20
      25
      20
      15
      25
      20
      25
      24
      14
      18
      13
      21
      18
      16
      13
       8
      14
      17
       9
      15
       6
       9
       7
      11
      11
       4
       8
      10
       5
       4
      11
      11
       5
      13
      13
       8
       6
       3
       4
       5
       5
      10
       8
       5
       4
       3
       3
       3
       9
       5
       2
       7
       1
       5
       4
       2
       4
       2
       6
       5
       3
       6
       1
       4
       1
       4
       5
       4
       6
       6
       4
       5
       3
       5
       2
       1
       4
       0
       0
       4
       4
       1
       8
       4
       3
       3
       4
       7
       5
       6
       9
       4
       4
       4
       6
       4
       6
       3
       4
       4
       2
       6
       3
       5
       3
       5
       3
       9
       5
       5
       2
       4
       6
       6
       9
      10
       7
       3
      10
       7
       4
       4
       4
      10
       4
       7
       6
       1
       7
       4
       9
       3
      10
       5
       6
       7
       2
       5
       8
       8
       6
       8
       9
       8
       7
      10
      11
       6
       6
      10
      10
       9
      10
       9
       7
      14
      11
       7
       5
      11
       7
       8
      15
       4
       8
       3
      14
       8
      10
       8
       4
       9
      14
       9
      12
      12
       6
       5
      11
      15
       9
      13
      13
      11
      13
       8
      15
      11
      11
      12
      11
      10
      11
      12
      11
      10
       8
       7
      13
       9
      13
       8
      10
       9
      13
      10
      12
      13
      11
      10
       4
       9
       4
       3
       9
      10
      13
       8
       5
       4
       9
       7
       7
      10
       8
       8
       7
      15
       7
      12
       7
       3
       3
       5
       7
      10
      12
       6
       7
       6
       6
       5
       4
       5
       3
       7
      11
       4
       3
       4
       5
       2
       5
       4
       3
       3
       2
       8
       4
       6
       4
       2
       2
       5
       8
       7
       4
       6
       3
       3
       2
       3
       2
       3
       0
       1
       7
       1
       4
       3
       2
       1
       2
       4
       2
       1
       3
       2
       6
       4
       3
       4
       8
       8
       8
       4
       5
       4
       2
       5
       3
       2
       5
       2
       1
       1
       4
       2
       6
       2
       2
       4
       5
       0
       3
       5
       3
       6
       1
       4
       4
       7
       2
       3
       2
       3
       2
       3
       4
       4
       5
       0
       5
       3
       4
       1
       1
       2
       2
       4
       5
       2
       3
       5
       4
       2
       4
       5
       1
       2
       8
       4
       3
       0
       4
       3
       1
       4
       2
       4
       1
       5
       4
       5
       4
       2
       2
       2
       0
       5
       2
       7
       2
       2
       2
       4
       3
       4
       3
       3
       6
       3
       5
       4
       2
       3
       0
       1
       0
       1
       3
       3
       4
       4
       3
       1
       1
       2
       2
       0
       5
       2
       0
       3
       3
       4
       2
       4
       3
       1
       2
       6
       3
       2
       3
       2
       2
       2
       3
       4
       4
       3
       3
       3
       6
       6
       7
       4
       7
       9
       3
       6
       6
       8
       5
       3
       4
       4
       2
       4
       9
       2
       4
       3
       3
       4
       5
       3
       3
       1
       5
       3
       4
       7
       6
       3
       1
       4
       7
      10
       3
       8
       6
       2
       7
       0
       0
       0
       0
       0
       0
       0
       0
       0
       0
       0
       0
       0
       0
       0
       0
       0
       0
       0
       0
       0
       0
       0
       0
       0
       0
       0
       0
       0
       0
       0
       0
$ROI:
4
443 551
897 1008
1202 1351
1416 1596
$PRESETS:
Live Time
60
0
$ENER_FIT:
-50.318306 0.895274
$MCA_CAL:
3
-5.031831E+001 8.952744E-001 0.000000E+000 keV
$SHAPE_CAL:
3
5.945939E+000 4.580278E-002 0.000000E+000
