$SPEC_ID:
No sample description was entered.
$SPEC_REM:
DET# 1
DETDESC# W8481118 Model 928 SN 14338160
AP# Maestro Version 7.01
$DATE_MEA:
03/30/2023 15:38:19
$MEAS_TIM:
60 60
$DATA:
0 2047
       0
       0
       0
       0
       0
       0
       0
       0
       0
       0
       0
       0
       0
       0
       0
      29
      30
      39
      33
      37
      30
      30
      38
      39
      40
      44
      37
      46
      46
      49
      44
      58
      55
      73
      62
      58
      53
      49
      58
      52
      43
      54
      47
      43
      44
      47
      50
      44
      49
      48
      40
      55
      37
      51
      51
      42
      58
      54
      49
      42
      63
      71
      68
      54
      61
      67
      56
      53
      63
      64
      70
      77
      61
      56
      70
      69
      76
      76
      54
      71
      66
      83
      86
      65
      65
      92
      97
      78
      83
      76
      74
      87
      77
      77
      97
      84
      84
      96
      91
      92
      97
      79
      85
     114
      98
     100
     114
      97
      97
      95
     101
      95
     108
     111
     104
      99
      96
      82
     104
      88
     105
     113
     101
     112
      94
      97
     124
      92
      88
      93
     105
     113
      98
      76
      95
      99
      95
      95
      89
      97
      99
      91
      98
      94
     101
     105
     109
      93
      89
      94
      76
      98
     115
     109
      94
      81
      86
     104
      74
      96
     116
     109
      84
     116
      96
      82
     101
     111
     111
     108
     101
     101
     103
     120
     132
      99
     116
     124
     122
     123
     113
     138
     108
     112
     117
      94
      81
      97
      91
      90
      80
      80
      81
      99
      61
      70
      75
      69
      85
      98
      81
      96
      96
      83
      82
      73
      71
      84
      83
      60
      78
      68
      92
      92
      79
      70
      70
      82
      79
      93
      76
      76
      70
      83
      75
      47
      64
      63
      84
      74
      58
      73
      63
      73
      55
      72
      67
      60
      65
      57
      74
      82
      61
      63
      58
      81
      75
      80
      73
      68
      69
      83
      64
      74
      60
      74
      75
      61
      84
      59
      68
      73
      71
      67
      71
      81
      95
      63
      87
      95
      79
      64
      72
      72
      92
      64
      64
      70
      84
      78
      77
      70
      82
      63
      79
      71
      81
      62
      61
      73
      62
      70
      65
      60
      70
      69
      71
      76
      64
      67
      65
      58
      72
      69
      54
      58
      59
      66
      50
      58
      58
      51
      60
      60
      66
      44
      63
      55
      50
      50
      58
      62
      44
      44
      45
      50
      50
      55
      46
      47
      54
      63
      53
      54
      44
      49
      53
      49
      49
      55
      55
      41
      45
      51
      45
      38
      52
      48
      53
      49
      44
      52
      38
      50
      43
      54
      45
      42
      47
      43
      44
      43
      42
      42
      55
      40
      43
      40
      49
      40
      49
      50
      51
      52
      39
      35
      36
      43
      46
      51
      46
      51
      55
      26
      34
      51
      46
      52
      45
      49
      38
      33
      49
      41
      44
      39
      37
      40
      39
      45
      40
      42
      43
      36
      51
      37
      46
      47
      51
      50
      51
      44
      35
      45
      43
      49
      50
      46
      52
      45
      39
      56
      33
      44
      34
      33
      44
      46
      62
      36
      43
      37
      46
      44
      47
      36
      44
      36
      39
      32
      41
      46
      42
      46
      39
      36
      38
      51
      41
      41
      37
      42
      42
      32
      44
      51
      40
      41
      42
      43
      39
      40
      51
      37
      40
      32
      53
      35
      45
      36
      45
      56
      50
      52
      46
      51
      66
      72
      78
      73
      59
      83
      58
      63
      96
      82
      83
      91
     101
      96
     118
     103
     106
     115
     141
     129
     129
     117
     120
     136
     125
     133
     113
     141
     132
     151
     144
     160
     135
     143
     122
     130
     136
     129
     116
     126
      96
     113
     117
      93
      92
      87
      76
     102
      96
      82
      91
      67
      68
      73
      71
      64
      59
      60
      51
      50
      44
      47
      40
      34
      48
      34
      34
      43
      33
      37
      26
      30
      28
      34
      26
      30
      31
      25
      24
      27
      36
      20
      38
      20
      26
      26
      42
      20
      36
      34
      27
      26
      39
      27
      23
      33
      26
      23
      25
      25
      31
      19
      28
      29
      31
      35
      31
      26
      14
      23
      22
      32
      33
      27
      32
      26
      24
      31
      26
      17
      27
      26
      20
      21
      27
      26
      27
      18
      25
      24
      21
      30
      27
      27
      21
      32
      22
      31
      33
      30
      25
      24
      19
      23
      33
      30
      20
      28
      16
      25
      32
      27
      25
      31
      17
      27
      22
      24
      23
      16
      21
      27
      21
      21
      28
      21
      30
      26
      21
      25
      31
      31
      22
      27
      27
      24
      28
      26
      28
      22
      25
      27
      37
      26
      23
      25
      24
      21
      30
      35
      25
      20
      25
      19
      22
      24
      29
      28
      29
      23
      27
      17
      14
      23
      28
      21
      21
      23
      27
      27
      31
      27
      27
      26
      33
      22
      27
      25
      25
      20
      27
      28
      19
      36
      31
      28
      32
      30
      15
      27
      28
      23
      25
      29
      25
      21
      23
      19
      26
      24
      26
      31
      28
      18
      31
      28
      33
      13
      22
      36
      24
      31
      21
      29
      22
      22
      22
      27
      28
      27
      22
      21
      30
      23
      20
      28
      26
      21
      31
      26
      28
      31
      32
      21
      27
      22
      19
      35
      18
      24
      23
      22
      33
      27
      21
      34
      21
      32
      23
      21
      23
      23
      30
      24
      33
      21
      20
      15
      23
      21
      20
      26
      13
      25
      23
      21
      20
      25
      14
      23
      16
      17
      21
      24
      21
      16
      26
      20
      35
      30
      19
      13
      21
      23
      20
      27
      26
      19
      30
      23
      29
      26
      18
      24
      33
      27
      19
      19
      28
      23
      21
      28
      23
      18
      30
      34
      23
      19
      18
      22
      24
       9
      25
      24
      21
      24
      18
      28
      17
      20
      21
      23
      18
      22
      25
      25
      29
      34
      27
      21
      30
      29
      23
      14
      22
      20
      22
      19
      21
      22
      36
      27
      23
      13
      18
      33
      21
      25
      21
      22
      23
      12
      24
      26
      30
      21
      19
      28
      20
      25
      26
      15
      24
      20
      26
      19
      28
      25
      26
      26
      31
      25
      31
      26
      27
      25
      21
      26
      23
      27
      30
      17
      22
      21
      23
      21
      21
      30
      24
      16
      31
      27
      25
      24
      20
      23
      23
      25
      21
      27
      20
      28
      30
      29
      34
      27
      35
      25
      30
      41
      39
      28
      38
      31
      31
      32
      36
      25
      35
      48
      31
      28
      39
      35
      30
      47
      35
      34
      33
      33
      44
      33
      35
      40
      40
      47
      41
      36
      40
      46
      40
      33
      37
      41
      49
      47
      38
      35
      36
      48
      34
      53
      46
      37
      45
      38
      42
      36
      45
      41
      40
      48
      39
      39
      27
      45
      38
      41
      41
      42
      44
      42
      33
      40
      32
      36
      28
      32
      40
      39
      32
      18
      33
      32
      40
      21
      27
      33
      33
      18
      31
      29
      25
      32
      24
      27
      18
      31
      27
      21
      21
      26
      24
      27
       9
      20
      28
      22
      34
      24
      24
      24
      22
      22
      24
      14
      25
      21
      25
      15
      19
      36
      18
      17
      17
      22
      18
      28
      22
      19
      17
      19
      19
      20
      18
      27
      23
      26
      14
      22
      13
      13
      16
      16
      16
      17
      17
      25
      26
      15
      19
      20
      13
      18
      22
      17
      11
      23
      11
      20
      17
       8
      13
      18
      15
      26
      24
      22
      11
      23
      19
      11
       8
      13
      19
      17
      26
      16
      26
      10
      13
      17
      22
      15
      20
      16
      11
      14
      32
      16
      10
      21
      17
      18
      19
      23
      16
      17
      17
      20
      17
      23
      11
      29
      13
      22
      18
      19
      21
      14
      19
      22
      16
      18
      16
      20
      22
      20
      24
      18
      21
      17
      13
      17
      16
      13
      14
      19
      14
      15
      17
      12
      21
      21
      19
      20
      26
      22
      16
      19
      21
      14
      15
      18
      10
      29
      24
      14
      16
      22
      20
      28
      12
      22
      28
      15
      16
      18
      19
      13
      21
      18
      13
      19
      19
      27
      20
      16
      19
      21
      17
      23
      19
      13
      20
      16
      13
      18
      10
      17
      16
      15
      21
      26
      14
      18
      27
      24
      17
      14
      15
      19
      25
      15
      20
      23
      18
      26
      28
      21
      20
      20
      18
      25
      27
      33
      22
      28
      21
      31
      24
      20
      41
      30
      26
      34
      28
      36
      40
      35
      41
      40
      38
      41
      40
      33
      43
      49
      46
      51
      46
      44
      47
      63
      42
      50
      50
      45
      57
      50
      59
      52
      55
      72
      61
      53
      58
      70
      62
      60
      63
      82
      69
      62
      64
      77
      52
      70
      74
      67
      74
      64
      70
      55
      81
      76
      78
      65
      67
      65
      81
      76
      67
      66
      64
      65
      73
      63
      67
      62
      61
      73
      52
      56
      55
      51
      63
      57
      49
      53
      57
      53
      45
      48
      34
      61
      50
      50
      39
      33
      41
      33
      36
      27
      37
      37
      31
      35
      31
      29
      37
      26
      28
      29
      18
      29
      24
      18
      10
      15
      20
      20
      16
      16
      12
      11
      21
      10
      15
       9
       8
       9
      10
      13
       9
      11
       9
      12
      13
       7
       9
       6
       9
      10
      11
       6
       7
       5
       4
       8
       6
       9
       7
       8
       4
       9
       3
       8
      12
       8
       6
       4
       4
       4
       4
       8
       3
       5
       5
       3
       8
       2
       5
       6
      11
       2
       9
       6
       5
       5
       8
       5
       9
      10
       9
       6
       4
       3
       7
      14
       4
       6
      10
       7
       9
       7
       8
      11
      13
      13
      14
       7
      14
       8
      17
      12
      10
       6
       8
      10
      14
      14
      14
      13
      10
      11
      13
      10
      15
       7
       8
      11
      12
      14
      18
      21
      21
      22
      16
      16
      17
      27
      23
      29
      29
      32
      26
      35
      34
      32
      33
      38
      38
      39
      34
      33
      38
      31
      49
      54
      42
      55
      50
      50
      55
      47
      45
      55
      53
      62
      50
      68
      55
      43
      58
      60
      91
      63
      66
      78
      56
      57
      63
      62
      71
      63
      82
      61
      56
      82
      76
      55
      78
      55
      68
      64
      73
      78
      72
      66
      78
      89
      64
      60
      72
      93
      74
      87
      68
      56
      67
      61
      57
      75
      58
      64
      65
      76
      64
      59
      64
      56
      52
      56
      48
      46
      51
      45
      39
      43
      37
      35
      65
      48
      41
      33
      44
      25
      30
      38
      25
      46
      29
      24
      26
      26
      18
      30
      24
      24
      12
      16
      24
      13
      14
      20
      20
      13
      14
      13
      11
      18
      21
      18
      10
      10
       7
      13
      10
       5
      14
       8
       6
       6
       6
       6
       7
      11
       9
       6
       6
       3
       3
       4
       3
       5
       6
       3
      10
       2
       2
       6
       2
       4
       3
       3
       6
       3
       4
       2
       2
       4
       5
       3
       3
       3
       3
       6
       6
       6
       4
       1
       7
       4
       4
       3
       8
       5
       2
       4
       4
       9
       2
       3
       5
       4
       6
       5
       3
       2
       7
       4
       4
       3
       4
       5
       2
       8
       3
       6
       7
       7
       5
       6
       3
       1
       6
       6
       8
       4
       6
       5
       9
       5
       6
       8
       9
       5
       9
       7
       5
       5
       2
       8
       4
       9
       5
       3
       5
       3
       8
       4
       7
       7
       6
       3
       6
       2
       6
       8
       6
      12
       9
       6
       8
      10
       4
       8
       3
       7
       8
       6
      12
      11
      13
      13
      10
      13
      14
      11
       9
      11
      12
       8
       5
      11
       7
       7
      10
       7
      11
       7
      12
      12
       7
      10
       4
      14
       9
      12
       7
      10
      13
      16
       8
      16
      11
      13
      10
       8
      14
       9
      10
       8
      11
      11
      11
      12
      13
      10
       8
       9
      13
       7
       6
      11
      10
       8
      10
      15
       6
      11
      11
      12
      11
      10
       7
       9
      10
      10
      13
      11
       8
       5
      15
      11
       5
       6
       6
       6
      11
       6
       8
       7
       7
       9
       5
      13
      11
       2
       5
       5
       7
       5
       8
       7
       4
       8
       5
       5
       5
      13
       3
       5
       5
       4
       2
       5
       2
       6
       1
       6
       3
       3
       7
       5
       7
       8
       6
       8
       5
       5
       4
       4
       6
       3
       2
       1
       2
       3
       3
       3
       5
       3
       1
       4
       2
       8
       2
       2
       4
       2
       6
       1
       4
       6
       6
       7
       4
       2
       7
       7
       3
       9
       5
       4
       0
       1
       3
       2
       3
       5
       3
       1
       1
       5
       2
       4
       2
       2
       6
       2
       4
       3
       1
       4
       1
       5
       3
       4
       6
       6
       4
       3
       3
       7
       3
       3
       1
       7
       5
       5
       3
       2
       3
       3
       3
       6
       3
       4
       0
       3
       1
       3
       5
       4
       7
       3
       2
       7
       5
       6
       0
       3
       4
       2
       2
       4
       4
       3
       6
       5
       0
       0
       3
       2
       5
       8
       4
       5
       1
       3
       3
       1
       3
       4
       0
       3
       7
       6
       3
       1
       4
       4
       4
       3
       4
       4
       1
       3
       1
       2
       4
       0
       3
       4
       1
       5
       3
       3
       7
       3
       2
       3
       1
       2
       5
       6
       6
       1
       1
       3
       6
       2
       5
       2
       6
       9
       1
       3
       7
       3
       3
       2
       7
       5
       4
       3
       4
       5
       5
       3
       3
       3
       5
       7
       5
       3
       5
       6
       5
       6
       5
       5
       5
       2
      10
       5
       2
       6
       7
       4
       6
       2
       3
       6
       2
       7
       4
       3
       0
       0
       0
       0
       0
       0
       0
       0
       0
       0
       0
       0
       0
       0
       0
       0
       0
       0
       0
       0
       0
       0
       0
       0
       0
       0
       0
       0
       0
       0
       0
       0
$ROI:
4
443 551
897 1008
1202 1351
1416 1596
$PRESETS:
Live Time
60
0
$ENER_FIT:
-50.318306 0.895274
$MCA_CAL:
3
-5.031831E+001 8.952744E-001 0.000000E+000 keV
$SHAPE_CAL:
3
5.945939E+000 4.580278E-002 0.000000E+000
