$SPEC_ID:
No sample description was entered.
$SPEC_REM:
DET# 1
DETDESC# W8481118 Model 928 SN 14338160
AP# Maestro Version 7.01
$DATE_MEA:
04/20/2023 16:05:57
$MEAS_TIM:
60 63
$DATA:
0 2047
       0
       0
       0
       0
       0
       0
       0
       0
       0
       0
       0
       0
       0
       0
       0
     108
     302
     255
     245
     277
     251
     257
     260
     255
     278
     300
     296
     288
     294
     298
     280
     285
     303
     300
     352
     384
     434
     505
     626
     761
     838
     978
    1075
    1079
    1095
     998
     874
     771
     736
     629
     560
     529
     415
     445
     393
     340
     334
     326
     309
     358
     361
     353
     324
     337
     328
     322
     348
     328
     337
     310
     351
     330
     343
     353
     346
     313
     343
     335
     343
     345
     347
     343
     340
     332
     364
     333
     342
     335
     332
     394
     397
     386
     388
     370
     421
     426
     435
     466
     439
     470
     454
     432
     443
     430
     432
     420
     403
     424
     425
     400
     387
     386
     391
     406
     381
     390
     400
     407
     379
     348
     395
     351
     392
     436
     356
     373
     364
     388
     411
     387
     392
     344
     355
     378
     369
     387
     378
     378
     412
     373
     391
     416
     365
     409
     410
     375
     401
     384
     366
     380
     382
     383
     421
     415
     437
     404
     395
     420
     421
     404
     376
     405
     413
     400
     464
     412
     432
     409
     390
     410
     402
     400
     375
     434
     447
     412
     397
     412
     450
     419
     407
     417
     372
     425
     401
     423
     421
     435
     421
     391
     425
     419
     387
     419
     433
     407
     436
     399
     445
     421
     371
     387
     442
     411
     411
     424
     404
     437
     451
     386
     441
     414
     457
     447
     410
     420
     430
     446
     407
     454
     475
     450
     456
     482
     483
     473
     480
     475
     534
     545
     515
     536
     537
     523
     529
     582
     554
     579
     607
     570
     565
     572
     609
     607
     617
     608
     606
     545
     595
     586
     576
     588
     596
     563
     531
     550
     583
     583
     557
     549
     534
     528
     557
     528
     519
     479
     511
     537
     554
     502
     516
     533
     564
     508
     501
     487
     519
     511
     536
     468
     505
     529
     499
     520
     493
     463
     490
     486
     518
     461
     472
     485
     465
     478
     472
     468
     479
     478
     462
     451
     445
     508
     459
     467
     425
     421
     462
     417
     442
     430
     440
     406
     462
     433
     439
     400
     418
     467
     423
     436
     406
     416
     411
     458
     413
     426
     383
     437
     391
     409
     398
     399
     397
     366
     362
     405
     412
     413
     431
     408
     432
     378
     401
     398
     388
     401
     394
     432
     390
     372
     395
     349
     402
     431
     408
     362
     364
     356
     422
     410
     356
     367
     413
     376
     354
     399
     409
     383
     347
     399
     398
     384
     354
     371
     388
     380
     353
     376
     365
     351
     377
     363
     383
     396
     388
     379
     366
     377
     362
     336
     351
     366
     359
     351
     344
     355
     389
     361
     353
     375
     340
     343
     386
     332
     349
     342
     355
     342
     351
     362
     375
     349
     337
     350
     362
     369
     376
     344
     334
     392
     378
     357
     365
     338
     379
     322
     337
     356
     387
     338
     334
     347
     351
     340
     349
     361
     341
     342
     361
     361
     378
     360
     362
     346
     307
     343
     333
     353
     330
     320
     344
     353
     355
     349
     325
     335
     341
     311
     330
     324
     331
     306
     331
     342
     311
     380
     369
     323
     340
     355
     368
     308
     379
     337
     339
     347
     329
     318
     362
     317
     339
     369
     324
     346
     335
     341
     340
     321
     313
     332
     344
     319
     356
     352
     358
     332
     300
     303
     357
     340
     327
     359
     347
     333
     342
     340
     335
     349
     373
     319
     349
     345
     337
     328
     345
     341
     338
     332
     367
     344
     360
     346
     354
     373
     337
     357
     309
     329
     348
     362
     363
     382
     332
     357
     336
     332
     379
     350
     330
     367
     344
     324
     378
     316
     359
     349
     355
     323
     310
     337
     338
     314
     312
     325
     301
     305
     326
     325
     318
     317
     318
     280
     298
     260
     257
     310
     290
     261
     265
     243
     247
     258
     250
     250
     259
     253
     231
     252
     243
     227
     275
     213
     214
     212
     221
     233
     169
     193
     191
     211
     219
     186
     186
     178
     166
     182
     214
     146
     172
     178
     172
     186
     166
     164
     190
     168
     169
     169
     165
     154
     173
     182
     171
     168
     170
     192
     162
     141
     155
     147
     144
     144
     196
     152
     155
     156
     139
     155
     132
     158
     146
     160
     161
     153
     136
     144
     136
     142
     153
     135
     167
     175
     154
     137
     159
     144
     131
     145
     140
     132
     151
     131
     134
     124
     126
     137
     120
     130
     160
     139
     127
     139
     124
     130
     114
     121
     137
     128
     108
     123
     134
     144
     130
     142
     121
     143
     143
     140
     148
     147
     126
     122
     145
     149
     134
     143
     121
     143
     141
     135
     127
     126
     130
     134
     121
     136
     152
     134
     142
     126
     161
     127
     146
     144
     142
     142
     141
     144
     152
     142
     135
     135
     146
     154
     135
     151
     149
     149
     139
     153
     127
     127
     143
     142
     142
     135
     145
     168
     165
     161
     177
     191
     193
     164
     201
     190
     197
     232
     216
     249
     225
     252
     285
     268
     278
     299
     290
     332
     388
     370
     373
     379
     442
     467
     507
     529
     518
     577
     645
     635
     691
     741
     746
     840
     847
     946
     999
    1037
    1077
    1094
    1171
    1208
    1275
    1293
    1367
    1431
    1560
    1511
    1671
    1741
    1791
    1852
    1887
    1859
    1966
    2043
    2165
    2208
    2207
    2195
    2256
    2321
    2352
    2301
    2383
    2411
    2459
    2451
    2455
    2475
    2531
    2462
    2564
    2363
    2431
    2397
    2332
    2281
    2303
    2186
    2234
    2159
    2074
    2002
    1972
    1924
    1808
    1725
    1713
    1575
    1597
    1532
    1428
    1335
    1324
    1205
    1160
    1187
    1085
    1061
     977
     892
     803
     825
     724
     756
     645
     590
     544
     500
     504
     426
     381
     405
     391
     323
     283
     255
     251
     240
     208
     203
     225
     169
     155
     153
     134
     119
      99
     105
      86
      86
     102
      88
      77
      76
      73
      68
      78
      66
      66
      58
      62
      61
      56
      49
      68
      58
      65
      63
      57
      55
      43
      45
      56
      57
      49
      37
      53
      54
      55
      48
      46
      49
      53
      38
      55
      48
      42
      51
      48
      41
      46
      45
      48
      50
      58
      60
      45
      46
      50
      52
      49
      58
      48
      47
      50
      56
      47
      58
      57
      58
      38
      52
      55
      58
      56
      36
      40
      47
      47
      61
      60
      44
      37
      41
      48
      47
      64
      56
      48
      62
      63
      46
      61
      42
      57
      48
      41
      41
      58
      51
      50
      57
      61
      44
      55
      54
      47
      61
      46
      45
      43
      47
      49
      50
      55
      46
      52
      60
      49
      47
      51
      56
      47
      48
      51
      50
      59
      40
      46
      50
      67
      61
      52
      42
      61
      53
      51
      44
      51
      45
      51
      50
      42
      40
      63
      53
      47
      55
      61
      47
      60
      49
      53
      59
      65
      55
      52
      54
      45
      68
      48
      56
      64
      58
      57
      57
      66
      51
      48
      53
      73
      58
      42
      59
      54
      47
      55
      56
      58
      62
      58
      52
      67
      51
      47
      65
      53
      63
      64
      54
      53
      49
      51
      45
      57
      41
      53
      69
      42
      49
      41
      62
      49
      58
      50
      50
      52
      59
      41
      68
      49
      51
      59
      53
      62
      53
      64
      51
      46
      33
      60
      51
      49
      59
      57
      41
      55
      62
      54
      68
      59
      51
      69
      53
      59
      60
      54
      53
      54
      62
      55
      52
      69
      45
      53
      61
      47
      52
      48
      47
      57
      54
      55
      53
      50
      49
      68
      49
      47
      47
      44
      34
      44
      62
      48
      46
      32
      36
      44
      45
      37
      45
      57
      43
      38
      55
      36
      40
      43
      45
      42
      50
      51
      36
      49
      37
      34
      45
      50
      41
      46
      33
      52
      48
      35
      48
      35
      42
      43
      36
      41
      44
      38
      42
      40
      47
      49
      37
      32
      39
      44
      54
      38
      37
      35
      39
      41
      40
      33
      44
      43
      44
      35
      32
      39
      41
      30
      38
      38
      38
      49
      24
      31
      33
      36
      41
      45
      37
      34
      36
      37
      43
      28
      31
      30
      36
      39
      30
      32
      30
      31
      46
      40
      40
      33
      34
      28
      31
      41
      33
      43
      34
      30
      31
      42
      36
      37
      36
      38
      23
      39
      40
      39
      39
      48
      32
      40
      46
      31
      39
      34
      27
      32
      30
      41
      33
      38
      41
      27
      45
      40
      31
      39
      41
      39
      28
      33
      37
      25
      38
      33
      30
      21
      37
      28
      31
      31
      40
      46
      33
      40
      41
      32
      26
      23
      24
      28
      28
      27
      28
      24
      30
      34
      32
      26
      26
      35
      39
      27
      24
      35
      32
      38
      35
      33
      27
      21
      38
      35
      25
      33
      27
      41
      35
      38
      31
      29
      28
      33
      26
      27
      31
      33
      39
      33
      32
      34
      35
      33
      44
      27
      31
      26
      38
      41
      35
      36
      26
      48
      43
      43
      37
      46
      42
      59
      41
      45
      52
      46
      69
      50
      67
      58
      58
      64
      67
      60
      76
      75
      72
      66
      70
      80
      75
      90
      74
      89
      88
      93
      93
      86
      94
     108
     116
     103
     113
     113
     123
     117
     133
     115
     131
     137
     131
     151
     150
     132
     144
     156
     156
     133
     139
     175
     141
     161
     145
     156
     162
     169
     168
     183
     157
     180
     150
     170
     153
     163
     151
     131
     150
     169
     179
     173
     155
     155
     142
     145
     171
     171
     150
     140
     145
     135
     133
     134
     146
     123
     133
     115
     124
     131
     111
     111
      98
     107
     119
     114
      88
     101
      95
      93
      67
      88
      72
      86
      81
      66
      79
      79
      67
      69
      68
      58
      52
      49
      36
      52
      54
      27
      35
      38
      32
      30
      38
      42
      29
      34
      37
      28
      24
      22
      23
      26
      30
      23
      21
      17
      23
      15
      26
      22
      20
      30
      17
      12
      15
      17
      19
      18
      15
      15
      10
      18
      18
      14
      14
      14
      15
      15
      13
      17
      15
      17
      23
      18
      15
      18
      20
      19
      17
      13
      23
      24
      16
      22
      19
      27
      28
      23
      28
      26
      26
      39
      26
      35
      30
      29
      29
      35
      44
      42
      52
      45
      53
      40
      46
      51
      45
      51
      59
      63
      54
      61
      51
      62
      61
      66
      71
      67
      69
      74
      80
      90
      97
      81
     101
      88
      88
      99
     107
      98
     110
     108
     101
     114
     120
     120
     110
     140
      96
     119
     119
     132
     109
     116
     113
     122
     133
     149
     120
     144
     144
     146
     123
     116
     125
     142
     140
     116
     117
     123
     125
     143
     122
     128
     117
     119
     134
     128
     139
     124
     125
     110
     111
     103
     118
     110
     112
     107
     115
     115
      99
      98
      91
     107
      91
      87
      93
      84
      68
      72
      69
      66
      65
      58
      82
      63
      54
      58
      66
      51
      52
      52
      53
      43
      48
      40
      45
      50
      37
      33
      38
      39
      39
      33
      42
      29
      34
      26
      35
      24
      20
      32
      26
      26
      21
      12
       9
      15
      12
      24
      11
      15
      14
      10
      18
       8
       9
      11
       7
      11
      16
       7
       7
       9
      11
      11
       5
      10
       4
       5
       6
       8
       2
       7
       8
       4
       6
       6
       3
       2
       6
       8
       9
       4
      10
       3
       4
       5
       5
       5
       1
       4
       4
       6
       4
       5
       5
       2
       5
       7
       3
       8
       6
       5
       4
       1
       5
       4
       3
       3
       2
       4
       2
       5
       4
       3
       4
       1
       8
       2
       7
       1
       2
       6
       4
       4
       3
       6
       4
       6
       6
       5
       4
       5
       5
       4
       5
       0
       2
       3
       3
       7
       5
       4
       1
       1
       4
       5
       3
       2
       4
       2
       4
       3
       3
       3
       4
       5
       5
       5
       3
       4
       4
       3
       0
       4
       1
       3
       4
       1
       3
       2
       6
       2
       4
       3
       2
       3
       1
       5
       6
       2
       4
       4
       1
       0
       3
       5
       2
       1
       1
       4
       3
       6
       6
       1
       4
       6
       1
       2
       0
       4
       0
       3
       1
       3
       1
       1
       5
       1
       3
       4
       3
       3
       0
       2
       2
       4
       3
       5
       1
       2
       1
       2
       3
       4
       4
       2
       2
       3
       0
       6
       2
       4
       1
       3
       2
       2
       3
       3
       2
       2
       1
       4
       3
       3
       4
       3
       2
       2
       2
       4
       0
       3
       7
       2
       4
       1
       3
       3
       2
       2
       4
       2
       1
       3
       3
       1
       2
       5
       2
       3
       7
       2
       1
       2
       0
       2
       1
       3
       4
       1
       1
       2
       0
       0
       1
       2
       0
       5
       2
       0
       3
       1
       4
       5
       5
       3
       3
       0
       0
       2
       2
       1
       2
       1
       2
       1
       3
       0
       2
       2
       3
       1
       1
       2
       3
       0
       4
       4
       1
       3
       4
       4
       2
       1
       1
       1
       5
       1
       4
       3
       1
       3
       4
       0
       2
       2
       2
       3
       2
       1
       1
       5
       4
       2
       1
       2
       2
       1
       2
       2
       2
       1
       2
       1
       0
       1
       0
       0
       3
       0
       2
       1
       5
       2
       0
       2
       1
       2
       0
       1
       2
       2
       1
       1
       4
       3
       3
       2
       1
       1
       5
       3
       2
       2
       1
       3
       3
       2
       2
       1
       2
       3
       7
       0
       0
       1
       2
       1
       5
       0
       2
       1
       3
       2
       0
       1
       1
       1
       3
       2
       7
       0
       0
       4
       0
       2
       1
       2
       5
       3
       0
       0
       0
       0
       0
       0
       0
       0
       0
       0
       0
       0
       0
       0
       0
       0
       0
       0
       0
       0
       0
       0
       0
       0
       0
       0
       0
       0
       0
       0
       0
       0
       0
$ROI:
2
717 861
1457 1650
$PRESETS:
Live Time
60
0
$ENER_FIT:
-42.304211 0.890313
$MCA_CAL:
3
-4.230421E+001 8.903126E-001 0.000000E+000 keV
$SHAPE_CAL:
3
1.082589E+001 4.299253E-002 0.000000E+000
