$SPEC_ID:
No sample description was entered.
$SPEC_REM:
DET# 1
DETDESC# W8481118 Model 928 SN 14338160
AP# Maestro Version 7.01
$DATE_MEA:
04/20/2023 16:16:50
$MEAS_TIM:
60 64
$DATA:
0 2047
       0
       0
       0
       0
       0
       0
       0
       0
       0
       0
       0
       0
       0
       0
       0
     107
     352
     273
     292
     275
     262
     297
     292
     299
     312
     311
     334
     340
     313
     330
     398
     390
     469
     526
     581
     721
     921
    1168
    1568
    2162
    2588
    3156
    3588
    3560
    3624
    3266
    2765
    2182
    1781
    1443
    1194
     948
     761
     650
     535
     498
     407
     387
     375
     368
     325
     321
     347
     336
     381
     313
     338
     337
     360
     370
     340
     365
     363
     360
     333
     339
     364
     336
     366
     386
     366
     343
     378
     378
     374
     326
     333
     389
     348
     357
     359
     368
     370
     383
     404
     438
     414
     431
     416
     431
     471
     431
     463
     451
     444
     409
     429
     374
     388
     397
     381
     419
     411
     392
     372
     407
     389
     397
     396
     369
     399
     379
     375
     373
     336
     381
     327
     390
     380
     356
     371
     359
     346
     307
     363
     358
     350
     362
     371
     338
     366
     370
     398
     383
     382
     378
     372
     384
     368
     354
     345
     396
     391
     388
     364
     382
     367
     353
     386
     354
     336
     357
     389
     371
     346
     381
     392
     409
     362
     362
     358
     360
     350
     378
     368
     382
     361
     375
     366
     356
     368
     362
     390
     384
     373
     367
     400
     373
     376
     371
     403
     386
     376
     363
     373
     410
     398
     371
     366
     377
     431
     381
     394
     394
     387
     408
     388
     380
     367
     406
     375
     433
     390
     376
     365
     422
     389
     418
     420
     431
     415
     433
     416
     425
     467
     465
     463
     461
     481
     505
     499
     575
     530
     517
     574
     599
     553
     594
     589
     569
     607
     621
     608
     615
     611
     624
     587
     611
     622
     577
     618
     607
     555
     548
     599
     611
     621
     607
     585
     561
     558
     552
     551
     491
     565
     552
     525
     503
     508
     526
     550
     516
     524
     520
     507
     477
     506
     503
     471
     523
     468
     495
     486
     462
     458
     499
     479
     472
     522
     448
     436
     501
     469
     436
     464
     441
     479
     480
     466
     452
     442
     481
     439
     432
     417
     445
     410
     441
     449
     417
     434
     430
     442
     420
     440
     397
     416
     396
     393
     403
     432
     415
     417
     373
     411
     397
     430
     368
     376
     395
     398
     377
     424
     411
     407
     422
     368
     406
     361
     403
     409
     367
     379
     383
     356
     428
     409
     367
     406
     407
     372
     357
     392
     370
     376
     369
     373
     344
     346
     352
     345
     393
     341
     365
     337
     351
     362
     361
     377
     347
     386
     362
     355
     345
     309
     339
     350
     307
     339
     348
     333
     347
     367
     357
     358
     360
     366
     365
     341
     311
     341
     360
     337
     359
     313
     355
     340
     332
     357
     365
     330
     346
     339
     316
     346
     351
     321
     311
     321
     322
     327
     307
     350
     341
     309
     319
     352
     346
     360
     315
     328
     374
     308
     301
     336
     334
     358
     300
     341
     313
     350
     271
     304
     298
     347
     290
     325
     345
     315
     307
     348
     338
     366
     295
     311
     311
     348
     358
     331
     322
     347
     311
     331
     306
     348
     316
     341
     329
     336
     313
     289
     354
     348
     321
     307
     323
     345
     326
     264
     343
     310
     318
     339
     322
     318
     323
     293
     329
     346
     297
     343
     346
     329
     313
     294
     317
     327
     330
     341
     339
     355
     317
     315
     340
     326
     348
     331
     327
     321
     338
     325
     344
     339
     361
     345
     328
     381
     330
     340
     278
     304
     345
     353
     331
     364
     353
     319
     357
     375
     334
     356
     375
     332
     353
     342
     355
     323
     343
     337
     333
     331
     307
     327
     358
     336
     330
     351
     331
     373
     368
     340
     331
     321
     356
     341
     353
     340
     301
     335
     305
     322
     328
     315
     310
     346
     315
     321
     315
     303
     299
     308
     281
     301
     297
     281
     271
     288
     287
     261
     240
     254
     253
     241
     267
     237
     233
     217
     237
     219
     222
     191
     204
     214
     188
     172
     171
     194
     201
     165
     174
     150
     156
     169
     169
     164
     186
     144
     171
     171
     139
     153
     147
     162
     140
     147
     122
     113
     144
     155
     142
     118
     161
     138
     129
     140
     148
     129
     149
     104
     120
     139
     124
     114
     134
     127
     127
     106
     121
     130
     125
     131
     120
     113
     103
     114
     117
     113
     123
     102
     108
      94
      95
     110
     103
     107
      97
      95
     104
     119
      93
      94
     102
     103
     110
     104
     106
      90
      96
      96
      88
      86
      93
      85
     108
     102
      85
     104
     101
     113
      94
     110
      83
      93
      92
     107
     105
     108
      84
      82
      92
     106
      84
      88
     100
     107
      86
      98
     101
     100
      89
     102
      97
      90
      87
      88
      85
      83
      88
     122
      90
      89
      91
      83
      92
     115
      96
     100
     103
     109
     100
      86
     115
      88
      93
     100
     108
     127
      87
     106
     107
      98
     114
      97
     126
     112
     118
     117
     117
     121
     118
     149
     151
     154
     158
     145
     143
     163
     191
     201
     209
     194
     231
     251
     270
     258
     262
     281
     319
     323
     330
     391
     394
     438
     461
     488
     520
     544
     590
     657
     681
     671
     790
     840
     839
     895
     966
     972
    1059
    1108
    1211
    1189
    1311
    1341
    1409
    1557
    1558
    1725
    1798
    1842
    1885
    1857
    1996
    2090
    2098
    2291
    2282
    2294
    2397
    2470
    2540
    2556
    2612
    2585
    2658
    2612
    2684
    2785
    2742
    2722
    2718
    2795
    2743
    2741
    2695
    2607
    2688
    2708
    2637
    2558
    2664
    2567
    2383
    2476
    2331
    2259
    2191
    2185
    2127
    1994
    1995
    1824
    1841
    1634
    1660
    1498
    1556
    1390
    1330
    1306
    1223
    1164
    1060
    1013
     943
     886
     875
     785
     753
     665
     632
     604
     512
     468
     437
     395
     364
     363
     325
     312
     293
     259
     255
     226
     188
     192
     174
     175
     137
     148
     127
     111
     118
      72
      92
      96
      87
      97
      58
      95
      68
      65
      67
      64
      59
      67
      62
      54
      52
      75
      44
      60
      42
      73
      43
      62
      67
      55
      40
      61
      72
      46
      61
      47
      53
      60
      55
      58
      49
      55
      54
      75
      52
      39
      65
      60
      59
      57
      77
      48
      52
      53
      55
      54
      53
      52
      52
      52
      50
      51
      45
      49
      42
      58
      54
      48
      61
      65
      53
      54
      50
      52
      51
      46
      53
      35
      40
      52
      58
      38
      59
      45
      52
      39
      61
      52
      47
      49
      59
      58
      55
      55
      44
      64
      58
      45
      51
      52
      50
      52
      53
      52
      49
      46
      61
      52
      59
      48
      50
      46
      57
      55
      56
      51
      50
      54
      54
      66
      56
      56
      48
      53
      47
      45
      65
      62
      63
      47
      40
      53
      52
      61
      69
      65
      69
      64
      61
      51
      58
      54
      45
      72
      37
      39
      50
      57
      50
      57
      57
      59
      50
      68
      56
      59
      48
      50
      56
      62
      60
      49
      56
      48
      52
      49
      60
      49
      47
      66
      54
      51
      58
      46
      73
      45
      67
      50
      77
      66
      49
      68
      39
      62
      63
      55
      56
      56
      52
      63
      51
      60
      47
      54
      58
      64
      60
      59
      65
      54
      54
      60
      57
      46
      55
      50
      63
      53
      60
      61
      38
      47
      58
      60
      58
      63
      65
      61
      53
      55
      68
      56
      44
      47
      51
      51
      52
      61
      69
      63
      55
      66
      52
      58
      50
      62
      57
      62
      57
      64
      63
      48
      54
      56
      62
      41
      55
      47
      45
      57
      54
      55
      57
      47
      55
      40
      50
      58
      53
      59
      51
      61
      54
      49
      60
      50
      37
      48
      45
      43
      46
      68
      55
      47
      42
      38
      61
      37
      44
      56
      52
      52
      47
      35
      47
      45
      48
      48
      40
      53
      46
      56
      43
      33
      42
      41
      37
      49
      43
      38
      48
      38
      46
      45
      40
      42
      38
      40
      31
      33
      44
      35
      39
      40
      37
      39
      33
      38
      34
      35
      42
      39
      35
      46
      30
      40
      56
      35
      33
      36
      27
      36
      46
      39
      29
      33
      26
      38
      27
      40
      33
      35
      39
      35
      36
      33
      38
      31
      40
      35
      54
      49
      26
      46
      41
      31
      35
      42
      44
      35
      27
      37
      33
      34
      29
      41
      27
      34
      37
      39
      36
      30
      31
      46
      36
      23
      26
      39
      28
      27
      37
      31
      33
      31
      43
      40
      43
      29
      34
      45
      32
      37
      43
      38
      34
      29
      34
      34
      20
      38
      35
      41
      27
      31
      41
      24
      27
      47
      39
      43
      38
      35
      25
      37
      43
      36
      37
      34
      22
      28
      34
      32
      34
      32
      26
      29
      30
      26
      30
      31
      30
      35
      36
      29
      28
      23
      39
      23
      28
      36
      32
      24
      37
      34
      31
      30
      32
      23
      33
      35
      29
      27
      47
      32
      34
      25
      26
      41
      45
      30
      38
      42
      35
      46
      50
      39
      41
      44
      43
      35
      42
      42
      51
      33
      42
      44
      45
      55
      63
      56
      60
      61
      59
      45
      80
      69
      70
      56
      67
      79
      86
      83
     116
      90
      98
     115
     100
     103
     114
     100
     113
     124
     141
     119
     112
     114
     146
     132
     146
     127
     167
     166
     153
     151
     157
     165
     162
     151
     165
     145
     195
     173
     185
     171
     165
     184
     176
     172
     185
     172
     196
     173
     172
     187
     178
     180
     177
     168
     153
     201
     188
     161
     162
     170
     154
     168
     149
     156
     157
     146
     155
     144
     134
     138
     131
     123
     130
     121
     108
     117
     101
     105
      97
      96
     120
      80
      96
     102
      95
      87
      82
      95
      87
      61
      77
      55
      59
      72
      66
      68
      60
      54
      58
      49
      39
      56
      30
      46
      45
      35
      37
      34
      32
      38
      29
      41
      26
      24
      31
      28
      19
      23
      18
      32
      23
      25
      13
      22
      15
      22
      23
      17
      12
      14
      15
      26
      14
      16
      24
      13
      16
      10
      12
      17
      20
       7
      13
      18
      15
      11
      16
      16
      15
      15
      15
      17
      19
      16
      25
      18
      21
      22
      33
      29
      26
      30
      30
      29
      29
      35
      30
      37
      43
      49
      34
      36
      36
      40
      40
      54
      50
      49
      59
      49
      56
      58
      60
      71
      65
      75
      69
      59
      79
      74
      75
      96
      90
      92
      90
      79
     114
      88
     102
      92
      89
     108
     105
     123
     115
     118
     125
     114
     113
     138
     138
     135
     134
     115
     137
     145
     114
     123
     140
     146
     151
     142
     140
     133
     158
     135
     143
     146
     134
     154
     159
     140
     144
     160
     162
     154
     159
     148
     122
     126
     156
     148
     136
     139
     125
     122
     123
     126
     117
     125
     128
     143
     135
     119
     121
     108
     112
     124
     105
      96
     116
      85
      84
      96
      98
      87
      74
      74
      98
      73
      67
      86
      63
      73
      64
      52
      62
      54
      60
      41
      47
      41
      45
      44
      38
      43
      31
      38
      36
      39
      48
      23
      34
      36
      37
      25
      23
      26
      17
      20
      23
      14
      11
      10
      14
      14
      21
      19
       5
      18
       7
      11
      13
       9
       7
      14
       4
       6
       6
       5
      12
       9
       8
       6
       3
       6
       5
       4
      10
       6
       5
       7
       2
       9
       7
       5
       6
       5
       5
       5
       7
       7
       5
       2
       1
       8
       7
       5
       3
       4
       5
       8
       3
       4
       2
       4
       4
       4
       6
       6
       2
       6
       4
       1
       6
       3
       3
       5
       3
       3
       4
       4
       4
       0
       8
      10
       3
       7
       3
       3
       5
       4
       5
       7
       8
       5
       7
       1
       5
       2
       6
       4
       5
       6
       7
       6
       5
       7
       5
       4
       2
       5
       4
       4
       2
       3
       4
       2
       2
       4
       6
       5
       4
       1
       6
       4
       1
       3
       1
       3
       4
       6
       4
       2
       5
       2
       2
       4
       3
       3
       4
       3
       4
       2
       4
       5
       7
       5
       1
       1
       2
       1
       3
       1
       2
       3
       6
       5
       2
       4
       2
       1
       3
       2
       3
       3
       1
       4
       1
       3
       3
       4
       2
       2
       3
       3
       2
       3
       5
       2
       2
       0
       2
       0
       3
       2
       3
       5
       7
       2
       0
       1
       3
       1
       4
       3
       0
       0
       6
       1
       2
       5
       7
       2
       1
       2
       3
       2
       2
       4
       1
       3
       1
       4
       3
       0
       5
       0
       0
       5
       2
       2
       2
       2
       2
       1
       2
       3
       2
       3
       3
       1
       2
       3
       2
       3
       3
       2
       3
       4
       5
       1
       2
       4
       1
       2
       2
       0
       2
       2
       1
       2
       1
       1
       4
       4
       2
       0
       0
       1
       7
       3
       2
       7
       2
       2
       1
       5
       3
       3
       2
       1
       3
       3
       1
       3
       1
       1
       2
       2
       3
       1
       0
       1
       2
       3
       3
       5
       2
       3
       3
       3
       2
       4
       1
       2
       0
       5
       0
       0
       1
       4
       2
       3
       2
       2
       1
       2
       1
       2
       3
       1
       2
       1
       1
       1
       2
       4
       0
       3
       4
       3
       3
       1
       2
       1
       3
       3
       0
       1
       2
       2
       0
       4
       5
       0
       5
       8
       0
       1
       3
       3
       0
       2
       2
       2
       0
       1
       3
       3
       1
       0
       2
       1
       1
       3
       0
       1
       1
       0
       1
       1
       0
       4
       4
       1
       3
       2
       0
       2
       1
       3
       1
       3
       4
       1
       1
       1
       3
       2
       4
       5
       2
       2
       2
       0
       0
       0
       0
       0
       0
       0
       0
       0
       0
       0
       0
       0
       0
       0
       0
       0
       0
       0
       0
       0
       0
       0
       0
       0
       0
       0
       0
       0
       0
       0
       0
$ROI:
2
717 861
1457 1650
$PRESETS:
Live Time
60
0
$ENER_FIT:
-42.304211 0.890313
$MCA_CAL:
3
-4.230421E+001 8.903126E-001 0.000000E+000 keV
$SHAPE_CAL:
3
1.082589E+001 4.299253E-002 0.000000E+000
