$SPEC_ID:
No sample description was entered.
$SPEC_REM:
DET# 1
DETDESC# W8481118 Model 928 SN 14338160
AP# Maestro Version 7.01
$DATE_MEA:
04/20/2023 16:14:01
$MEAS_TIM:
60 63
$DATA:
0 2047
       0
       0
       0
       0
       0
       0
       0
       0
       0
       0
       0
       0
       0
       0
       0
     646
    1248
     971
     938
     925
     831
     810
     782
     717
     658
     702
     588
     595
     593
     554
     535
     456
     521
     523
     513
     553
     576
     602
     650
     727
     900
    1033
    1095
    1111
    1142
    1095
     982
     837
     752
     727
     592
     503
     502
     419
     421
     340
     365
     321
     344
     331
     364
     330
     328
     336
     322
     315
     360
     315
     306
     338
     333
     327
     334
     303
     371
     317
     327
     344
     368
     350
     338
     330
     341
     336
     351
     376
     352
     383
     359
     349
     359
     373
     397
     417
     390
     404
     404
     421
     422
     437
     475
     447
     455
     487
     453
     390
     402
     405
     406
     380
     413
     434
     442
     382
     407
     370
     410
     405
     387
     389
     387
     377
     339
     357
     371
     354
     353
     370
     356
     345
     386
     374
     384
     374
     399
     379
     398
     385
     393
     372
     382
     416
     432
     369
     407
     398
     400
     414
     391
     387
     396
     406
     384
     421
     402
     429
     374
     391
     419
     399
     399
     426
     410
     422
     428
     431
     379
     432
     441
     416
     414
     410
     431
     402
     419
     400
     427
     424
     422
     395
     403
     406
     398
     424
     401
     413
     424
     449
     370
     467
     411
     443
     418
     404
     440
     406
     400
     373
     452
     382
     396
     404
     396
     408
     391
     432
     414
     385
     414
     412
     435
     418
     454
     440
     432
     420
     455
     452
     464
     461
     443
     481
     467
     494
     471
     494
     509
     488
     517
     548
     521
     504
     530
     507
     542
     539
     571
     573
     585
     600
     569
     551
     567
     557
     611
     565
     568
     578
     603
     571
     592
     545
     571
     550
     561
     570
     544
     547
     543
     565
     549
     558
     549
     494
     527
     533
     528
     564
     496
     499
     520
     506
     507
     521
     471
     505
     518
     495
     481
     512
     514
     443
     491
     460
     503
     460
     426
     436
     497
     518
     509
     479
     482
     435
     425
     447
     502
     449
     446
     456
     467
     415
     436
     457
     440
     449
     493
     464
     429
     432
     436
     445
     402
     442
     440
     449
     410
     438
     400
     419
     400
     404
     404
     471
     383
     448
     460
     405
     409
     429
     371
     419
     417
     383
     405
     391
     430
     400
     394
     373
     426
     398
     379
     385
     395
     374
     410
     428
     408
     411
     402
     381
     422
     415
     380
     415
     395
     389
     380
     373
     393
     372
     403
     385
     397
     400
     363
     381
     412
     399
     377
     382
     381
     349
     374
     386
     421
     376
     351
     386
     369
     390
     366
     342
     371
     351
     351
     365
     368
     331
     347
     334
     377
     396
     412
     357
     380
     365
     363
     368
     365
     341
     361
     383
     331
     322
     355
     369
     378
     352
     335
     360
     332
     353
     350
     307
     342
     354
     318
     320
     351
     330
     380
     369
     378
     365
     320
     326
     356
     365
     330
     352
     348
     366
     337
     375
     353
     314
     348
     344
     380
     360
     347
     322
     348
     335
     332
     360
     326
     326
     322
     358
     325
     351
     360
     348
     317
     360
     335
     346
     381
     365
     383
     352
     341
     379
     336
     339
     344
     323
     350
     368
     351
     349
     321
     359
     354
     333
     354
     327
     316
     321
     320
     323
     309
     347
     330
     345
     341
     332
     321
     312
     307
     350
     303
     321
     346
     327
     323
     376
     324
     337
     329
     335
     328
     325
     356
     297
     356
     370
     343
     306
     340
     336
     353
     358
     327
     356
     345
     324
     366
     368
     333
     372
     343
     348
     321
     331
     333
     329
     338
     343
     339
     344
     376
     361
     360
     346
     359
     353
     342
     347
     328
     303
     298
     336
     355
     364
     357
     343
     333
     339
     361
     340
     320
     307
     288
     290
     342
     285
     303
     289
     284
     272
     274
     261
     295
     267
     270
     259
     260
     253
     266
     252
     236
     251
     246
     237
     232
     243
     235
     243
     213
     225
     210
     198
     193
     201
     218
     183
     198
     195
     187
     211
     178
     180
     183
     192
     180
     186
     164
     186
     182
     155
     160
     175
     176
     168
     165
     169
     163
     160
     159
     183
     143
     169
     153
     167
     161
     170
     175
     167
     152
     180
     157
     151
     124
     136
     153
     156
     143
     144
     137
     143
     149
     142
     169
     144
     147
     116
     150
     145
     140
     162
     148
     141
     131
     145
     135
     147
     139
     162
     127
     145
     154
     130
     141
     128
     137
     149
     128
     148
     129
     133
     134
     122
     125
     155
     151
     137
     159
     153
     153
     130
     141
     145
     139
     126
     127
     125
     138
     124
     142
     135
     157
     131
     130
     152
     150
     142
     131
     137
     143
     135
     144
     137
     171
     126
     145
     131
     155
     147
     154
     155
     132
     127
     140
     144
     135
     129
     126
     147
     141
     133
     160
     153
     114
     153
     136
     143
     150
     150
     142
     148
     147
     135
     157
     157
     170
     179
     185
     168
     169
     163
     188
     207
     199
     200
     207
     231
     222
     207
     278
     248
     278
     284
     291
     334
     343
     386
     382
     424
     422
     420
     475
     462
     539
     553
     586
     653
     667
     656
     732
     797
     851
     866
     941
     903
    1130
    1090
    1163
    1139
    1269
    1317
    1360
    1435
    1520
    1561
    1655
    1610
    1723
    1814
    1874
    1893
    1900
    1984
    2001
    2152
    2225
    2093
    2288
    2368
    2316
    2403
    2400
    2358
    2465
    2362
    2420
    2438
    2425
    2539
    2448
    2454
    2432
    2318
    2392
    2357
    2304
    2318
    2139
    2183
    2131
    2118
    2063
    1954
    1768
    1866
    1718
    1698
    1629
    1555
    1548
    1473
    1336
    1343
    1253
    1197
    1096
    1034
    1061
     984
     900
     820
     787
     688
     720
     616
     594
     504
     470
     427
     431
     419
     355
     331
     310
     258
     265
     241
     230
     225
     185
     168
     158
     167
     136
     152
     121
     108
     105
      99
      80
      84
      90
      76
      59
      73
      73
      58
      77
      55
      73
      47
      56
      68
      49
      60
      51
      57
      54
      43
      51
      62
      47
      60
      55
      49
      49
      56
      58
      41
      53
      42
      53
      46
      67
      54
      41
      44
      51
      45
      57
      57
      55
      55
      48
      48
      53
      53
      44
      53
      51
      41
      43
      56
      55
      52
      57
      51
      57
      50
      40
      50
      46
      56
      55
      55
      39
      55
      52
      62
      56
      48
      55
      46
      55
      45
      56
      47
      40
      47
      55
      62
      54
      56
      47
      61
      61
      49
      61
      48
      33
      46
      55
      56
      60
      43
      52
      48
      62
      54
      56
      42
      50
      57
      53
      51
      55
      51
      55
      64
      59
      40
      55
      63
      55
      52
      52
      60
      55
      51
      50
      61
      52
      45
      52
      70
      54
      53
      58
      40
      74
      56
      62
      67
      55
      54
      48
      58
      49
      56
      45
      58
      46
      47
      64
      54
      43
      53
      55
      63
      38
      51
      60
      60
      65
      51
      59
      55
      63
      66
      59
      62
      52
      41
      61
      52
      47
      67
      52
      62
      47
      44
      45
      58
      48
      49
      66
      51
      51
      47
      55
      47
      56
      57
      63
      48
      59
      67
      50
      25
      44
      58
      59
      70
      57
      59
      46
      65
      67
      52
      53
      37
      48
      53
      58
      46
      56
      39
      62
      58
      57
      58
      57
      49
      42
      44
      59
      62
      54
      49
      51
      41
      52
      55
      52
      54
      58
      59
      45
      48
      65
      35
      52
      38
      44
      56
      50
      51
      52
      55
      44
      57
      45
      51
      59
      52
      57
      52
      49
      50
      46
      48
      54
      35
      52
      38
      54
      59
      42
      48
      53
      50
      50
      56
      39
      44
      48
      42
      44
      26
      39
      51
      46
      46
      49
      48
      33
      29
      38
      44
      48
      58
      44
      41
      54
      33
      47
      48
      34
      45
      47
      36
      32
      39
      38
      44
      43
      33
      41
      31
      33
      51
      42
      40
      33
      35
      35
      33
      38
      37
      45
      32
      35
      36
      33
      38
      38
      39
      31
      25
      40
      31
      40
      25
      40
      40
      35
      32
      42
      39
      36
      30
      33
      29
      28
      26
      27
      37
      43
      43
      37
      42
      41
      32
      42
      38
      33
      34
      39
      36
      31
      34
      29
      31
      41
      34
      40
      31
      31
      29
      37
      34
      37
      53
      39
      29
      34
      27
      36
      26
      38
      39
      31
      34
      30
      34
      38
      21
      41
      42
      29
      37
      36
      33
      27
      26
      40
      37
      31
      31
      29
      28
      28
      41
      30
      33
      41
      29
      27
      33
      38
      38
      26
      43
      42
      46
      30
      27
      30
      33
      27
      34
      34
      28
      37
      29
      38
      30
      30
      26
      21
      23
      37
      23
      33
      21
      34
      27
      38
      31
      24
      35
      31
      30
      27
      39
      26
      39
      32
      40
      36
      32
      26
      41
      30
      36
      31
      42
      27
      48
      38
      43
      31
      43
      38
      41
      42
      39
      42
      38
      38
      42
      49
      53
      47
      58
      43
      43
      41
      40
      52
      61
      62
      63
      65
      58
      65
      56
      66
      72
      85
      69
      64
      82
      96
      91
      84
      86
      87
      89
      78
     113
     121
     114
     109
     125
     103
     127
     109
     114
     111
     116
     111
     127
     154
     125
     133
     140
     125
     162
     146
     156
     150
     162
     144
     141
     138
     154
     159
     152
     148
     170
     156
     154
     161
     171
     182
     169
     146
     170
     169
     176
     171
     160
     157
     134
     146
     153
     152
     156
     138
     134
     134
     140
     160
     116
     133
     148
     115
     115
     112
     106
     109
     122
     106
      90
     107
     115
      97
      95
      86
      98
      87
      81
      82
      60
      76
      81
      60
      78
      64
      64
      46
      60
      57
      42
      45
      49
      37
      46
      40
      41
      40
      30
      35
      36
      26
      28
      32
      31
      24
      27
      26
      31
      27
      25
      23
      26
      17
      31
      20
      20
      23
      20
      10
      11
      17
      18
      18
       8
      15
      20
      15
      20
      16
      11
      17
      15
      12
      13
      12
      18
      13
      14
      14
      13
      20
      13
      14
      23
      17
      16
      19
      23
      19
      21
      28
      22
      24
      32
      26
      30
      30
      24
      34
      30
      27
      39
      41
      36
      48
      37
      45
      46
      41
      43
      50
      53
      48
      52
      45
      59
      63
      56
      68
      52
      71
      71
      63
      63
      65
      82
      78
      87
      88
      91
      82
     102
      90
      96
      99
      97
     101
      94
      96
     110
      99
     112
     108
     102
     119
     100
     128
     128
     110
     123
     123
     131
     133
     145
     125
     154
     124
     132
     122
     130
     127
     142
     158
     114
     134
     116
     134
     111
     119
     141
     121
     131
     129
     134
     105
     110
     119
     118
     131
     123
     119
     132
     123
     131
     114
      93
     111
      98
     106
      86
      87
      91
      88
     109
      79
      84
      75
      66
      89
      75
      67
      62
      57
      57
      58
      74
      61
      62
      75
      51
      41
      46
      42
      39
      40
      49
      38
      36
      25
      29
      26
      34
      31
      30
      39
      27
      23
      21
      19
      15
      23
      21
      19
      12
      17
      18
      20
      10
      16
      12
      24
      16
      11
      10
       9
       6
       5
       4
       7
       6
       9
       5
       6
       9
       6
       3
       6
       3
       6
       8
       7
       6
       6
       7
       5
       5
       5
       5
       4
       5
       3
       7
       1
       3
       3
       2
       4
       3
       6
       7
       0
       2
       4
       3
       3
       4
       9
       2
       1
       4
       4
       4
       3
       5
       0
       3
       3
       3
       6
       2
       6
       6
       4
       7
       5
       4
       5
       4
       3
       2
       4
       5
       2
       3
       5
       2
       4
       6
       0
       2
       4
       3
       7
       7
       1
       4
       4
       4
       5
       4
       6
       4
       5
       1
       3
       6
       4
       1
       7
       1
       5
       5
       3
       3
       2
       3
       5
       4
       1
       5
       5
       4
       3
       3
       3
       0
       6
       6
       5
       6
       1
       7
       1
       0
       3
       2
       3
       1
       3
       1
       4
       1
       2
       2
       1
       6
       2
       2
       3
       6
       2
       2
       3
       0
       2
       2
       1
       2
       2
       1
       2
       2
       3
       2
       3
       5
       0
       6
       2
       1
       4
       3
       4
       1
       0
       1
       2
       5
       3
       2
       2
       4
       1
       3
       2
       0
       2
       3
       0
       2
       2
       2
       1
       1
       5
       2
       3
       6
       0
       1
       1
       4
       1
       2
       5
       2
       1
       1
       3
       1
       2
       1
       0
       3
       0
       2
       2
       1
       5
       1
       0
       3
       3
       5
       1
       3
       1
       1
       3
       5
       4
       5
       1
       2
       2
       4
       1
       1
       3
       5
       1
       4
       2
       1
       4
       1
       4
       3
       2
       2
       2
       0
       0
       1
       2
       1
       5
       7
       3
       3
       3
       1
       5
       3
       2
       1
       4
       5
       2
       6
       1
       1
       3
       2
       2
       1
       2
       2
       0
       2
       1
       3
       1
       1
       3
       1
       2
       7
       2
       2
       2
       0
       1
       2
       1
       3
       0
       2
       1
       0
       2
       3
       3
       5
       1
       0
       1
       1
       3
       3
       1
       1
       4
       3
       2
       0
       2
       2
       0
       0
       5
       1
       2
       1
       1
       2
       1
       1
       1
       0
       2
       0
       2
       2
       4
       3
       2
       4
       1
       2
       2
       0
       3
       2
       3
       0
       2
       0
       3
       1
       4
       2
       0
       1
       2
       2
       1
       1
       4
       1
       1
       5
       0
       1
       1
       2
       2
       4
       2
       2
       2
       2
       1
       3
       4
       5
       2
       2
       0
       0
       0
       0
       0
       0
       0
       0
       0
       0
       0
       0
       0
       0
       0
       0
       0
       0
       0
       0
       0
       0
       0
       0
       0
       0
       0
       0
       0
       0
       0
       0
$ROI:
2
717 861
1457 1650
$PRESETS:
Live Time
60
0
$ENER_FIT:
-42.304211 0.890313
$MCA_CAL:
3
-4.230421E+001 8.903126E-001 0.000000E+000 keV
$SHAPE_CAL:
3
1.082589E+001 4.299253E-002 0.000000E+000
