$SPEC_ID:
No sample description was entered.
$SPEC_REM:
DET# 1
DETDESC# W8481118 Model 928 SN 14338160
AP# Maestro Version 7.01
$DATE_MEA:
04/20/2023 16:23:45
$MEAS_TIM:
60 64
$DATA:
0 2047
       0
       0
       0
       0
       0
       0
       0
       0
       0
       0
       0
       0
       0
       0
       0
     102
     333
     278
     274
     273
     283
     280
     303
     304
     302
     295
     298
     297
     354
     346
     382
     414
     425
     482
     573
     737
     856
    1130
    1554
    1958
    2644
    3160
    3599
    3600
    3552
    3227
    2901
    2295
    1899
    1434
    1180
    1042
     819
     669
     569
     498
     422
     418
     339
     350
     360
     340
     343
     327
     331
     311
     369
     355
     335
     338
     306
     374
     341
     369
     362
     340
     371
     311
     362
     368
     366
     364
     331
     381
     364
     369
     312
     363
     336
     352
     362
     371
     391
     415
     378
     420
     434
     415
     462
     443
     464
     453
     525
     438
     434
     419
     402
     437
     388
     398
     359
     402
     428
     396
     394
     415
     371
     358
     378
     384
     375
     380
     375
     364
     397
     350
     360
     374
     340
     326
     364
     358
     352
     362
     365
     373
     315
     363
     348
     374
     366
     351
     348
     353
     354
     373
     368
     350
     346
     352
     358
     359
     359
     391
     371
     380
     382
     340
     372
     355
     352
     366
     376
     364
     405
     382
     362
     366
     371
     412
     401
     353
     372
     354
     394
     372
     360
     349
     386
     374
     338
     374
     371
     377
     370
     384
     378
     418
     359
     369
     409
     375
     396
     362
     372
     362
     361
     400
     394
     371
     393
     372
     409
     363
     367
     378
     385
     395
     414
     388
     376
     417
     366
     418
     374
     367
     420
     394
     413
     431
     439
     394
     483
     480
     421
     457
     490
     447
     501
     528
     501
     514
     531
     552
     558
     536
     582
     606
     574
     586
     628
     576
     603
     575
     643
     612
     602
     577
     671
     518
     609
     620
     595
     601
     540
     600
     545
     564
     512
     535
     590
     558
     549
     522
     533
     510
     522
     535
     533
     527
     514
     543
     522
     472
     489
     520
     506
     506
     511
     537
     468
     435
     461
     472
     499
     468
     446
     471
     465
     464
     466
     477
     463
     458
     459
     461
     420
     483
     482
     416
     467
     452
     451
     439
     435
     424
     452
     438
     427
     442
     398
     424
     412
     398
     434
     423
     424
     413
     379
     381
     403
     394
     372
     403
     397
     396
     404
     406
     401
     428
     383
     379
     391
     419
     408
     395
     380
     373
     398
     355
     390
     365
     380
     388
     372
     351
     383
     394
     402
     387
     353
     357
     362
     371
     376
     362
     349
     355
     383
     342
     368
     386
     360
     348
     404
     368
     382
     356
     362
     333
     370
     356
     360
     361
     358
     363
     343
     353
     305
     352
     340
     336
     359
     362
     347
     344
     352
     362
     308
     324
     351
     375
     320
     344
     338
     395
     307
     331
     317
     341
     346
     354
     324
     321
     352
     290
     342
     355
     313
     358
     344
     349
     313
     331
     329
     310
     364
     284
     369
     314
     341
     329
     327
     314
     309
     338
     310
     345
     326
     343
     320
     324
     329
     325
     307
     339
     358
     288
     317
     344
     294
     363
     345
     295
     316
     296
     361
     351
     314
     330
     293
     370
     332
     324
     327
     301
     275
     330
     316
     349
     313
     322
     334
     344
     307
     300
     341
     314
     317
     301
     304
     334
     333
     309
     342
     337
     335
     322
     330
     303
     336
     323
     309
     332
     324
     341
     303
     336
     348
     339
     300
     329
     330
     333
     364
     332
     354
     318
     339
     332
     306
     327
     352
     354
     323
     340
     338
     336
     321
     360
     328
     331
     365
     359
     349
     335
     355
     354
     338
     338
     317
     340
     338
     346
     357
     348
     342
     374
     327
     342
     335
     325
     324
     327
     311
     378
     377
     335
     381
     322
     344
     329
     298
     354
     351
     348
     374
     343
     356
     349
     309
     316
     312
     323
     343
     333
     314
     290
     303
     294
     291
     300
     288
     276
     257
     300
     305
     274
     255
     243
     225
     248
     253
     226
     252
     227
     219
     244
     231
     190
     217
     187
     202
     203
     176
     192
     197
     180
     173
     170
     190
     164
     173
     186
     154
     180
     179
     165
     145
     168
     176
     139
     164
     164
     149
     149
     155
     123
     137
     144
     166
     126
     140
     133
     134
     129
     130
     119
     145
     134
     117
     128
     131
     124
     151
     115
     118
     122
     111
     120
     111
     108
     130
     107
     120
     122
     109
     107
     104
      99
     115
     101
     109
     106
      92
     113
      93
      98
     105
     104
     115
      84
      94
      98
      93
      86
     109
     111
      96
     117
      92
      79
      87
      87
      90
      90
     118
      96
     111
     112
      92
      73
     121
      97
     102
      87
      95
     116
     103
     111
     108
      95
     100
     103
      98
     113
      85
      86
      93
      94
     112
      96
     102
      91
     105
      86
     107
      90
      95
      89
      95
     105
     101
      84
      85
      97
     109
      95
     107
      97
      87
      81
     116
      84
     106
      92
      82
      87
     101
     111
     113
     119
     109
     112
     115
     118
     132
     124
     148
     126
     124
     143
     130
     160
     162
     154
     128
     190
     187
     197
     214
     214
     227
     192
     226
     244
     278
     315
     324
     355
     359
     399
     433
     420
     477
     503
     529
     567
     611
     609
     730
     754
     727
     794
     829
     894
     958
    1035
    1073
    1125
    1264
    1254
    1402
    1344
    1453
    1488
    1637
    1623
    1673
    1829
    1812
    1885
    1972
    2051
    2148
    2138
    2188
    2333
    2370
    2440
    2460
    2537
    2627
    2654
    2681
    2636
    2674
    2779
    2632
    2732
    2772
    2776
    2859
    2764
    2712
    2719
    2763
    2688
    2682
    2576
    2556
    2475
    2340
    2381
    2413
    2261
    2159
    2184
    2007
    2016
    1969
    1867
    1715
    1734
    1593
    1582
    1547
    1422
    1304
    1317
    1206
    1176
    1072
    1033
     933
     855
     803
     825
     758
     682
     574
     594
     575
     503
     474
     423
     389
     419
     317
     299
     278
     276
     234
     216
     199
     181
     174
     142
     126
     152
     129
     139
     113
     115
      95
     101
      96
      67
      77
      75
      75
      56
      84
      63
      78
      57
      49
      52
      80
      47
      60
      46
      68
      66
      62
      44
      59
      53
      49
      56
      59
      52
      56
      58
      50
      56
      50
      39
      66
      57
      56
      45
      45
      54
      48
      54
      45
      50
      64
      48
      47
      58
      44
      57
      47
      48
      54
      43
      59
      66
      62
      47
      47
      57
      65
      53
      50
      49
      56
      48
      54
      58
      55
      50
      63
      51
      46
      52
      56
      60
      47
      43
      49
      58
      45
      53
      57
      46
      70
      52
      50
      67
      51
      55
      44
      38
      56
      37
      54
      62
      69
      67
      54
      62
      40
      45
      60
      52
      48
      58
      49
      49
      45
      60
      57
      47
      54
      53
      49
      50
      52
      68
      62
      48
      53
      61
      63
      53
      58
      48
      76
      46
      57
      49
      41
      67
      51
      41
      65
      48
      55
      65
      69
      58
      53
      65
      54
      43
      50
      68
      60
      62
      73
      48
      59
      52
      55
      67
      65
      56
      54
      58
      58
      58
      54
      56
      55
      60
      60
      61
      61
      49
      58
      50
      54
      56
      49
      54
      53
      72
      64
      46
      58
      64
      44
      54
      59
      53
      53
      57
      65
      58
      40
      53
      39
      59
      55
      43
      47
      56
      60
      50
      57
      64
      62
      69
      60
      63
      56
      59
      66
      44
      45
      57
      66
      70
      58
      45
      58
      61
      71
      69
      66
      55
      58
      50
      55
      56
      70
      51
      59
      52
      56
      55
      59
      49
      54
      61
      58
      67
      60
      46
      54
      48
      62
      50
      56
      55
      49
      55
      46
      60
      46
      50
      43
      53
      52
      52
      51
      48
      52
      40
      48
      60
      47
      48
      51
      48
      36
      41
      60
      44
      47
      37
      47
      42
      47
      53
      54
      36
      46
      48
      37
      41
      43
      46
      38
      47
      37
      49
      35
      36
      38
      35
      46
      44
      25
      37
      44
      35
      42
      44
      47
      42
      44
      34
      49
      49
      55
      42
      45
      41
      49
      42
      35
      36
      40
      45
      38
      39
      46
      33
      36
      47
      39
      34
      51
      41
      41
      42
      40
      49
      37
      32
      34
      47
      42
      41
      36
      26
      39
      39
      36
      31
      28
      37
      30
      35
      38
      42
      31
      31
      36
      35
      44
      37
      30
      28
      32
      30
      32
      24
      36
      35
      36
      45
      35
      37
      43
      34
      40
      31
      37
      42
      33
      41
      35
      26
      44
      30
      31
      33
      39
      46
      41
      33
      31
      36
      27
      34
      28
      34
      32
      30
      33
      26
      23
      29
      34
      38
      23
      26
      30
      39
      39
      34
      30
      31
      37
      37
      41
      35
      35
      33
      46
      20
      21
      27
      36
      29
      43
      34
      38
      34
      30
      31
      40
      31
      33
      30
      28
      39
      33
      35
      32
      41
      42
      38
      36
      30
      37
      31
      34
      30
      36
      27
      39
      30
      37
      26
      29
      25
      37
      35
      34
      35
      42
      37
      38
      38
      31
      38
      45
      36
      47
      40
      39
      54
      52
      54
      54
      47
      45
      37
      65
      45
      52
      51
      76
      68
      86
      68
      66
      76
      81
      85
      92
      89
      86
      83
      84
      92
     101
      99
     103
      98
     115
     112
     107
     126
     120
     118
     111
     138
     130
     131
     135
     152
     136
     127
     146
     144
     148
     160
     169
     160
     170
     163
     164
     172
     173
     180
     175
     149
     160
     174
     181
     180
     185
     164
     164
     181
     196
     172
     180
     168
     172
     161
     169
     172
     168
     180
     156
     144
     157
     172
     159
     140
     127
     153
     118
     126
     139
     160
     124
     150
     109
     118
     118
      98
      90
     102
      99
     103
      99
      90
      90
      93
      88
     105
      78
      88
      83
      79
      73
      66
      62
      70
      57
      63
      44
      44
      41
      45
      57
      53
      34
      39
      48
      49
      31
      41
      35
      33
      19
      26
      31
      21
      29
      25
      29
      24
      26
      19
      13
      18
      11
      13
      24
      17
      15
      22
      10
      12
      13
      15
      19
      15
      19
      15
      12
      13
      23
      18
      16
      11
      17
       9
      16
      14
      14
      16
      16
      25
      22
      23
      17
      21
      19
      27
      20
      24
      23
      27
      30
      25
      27
      27
      43
      28
      22
      34
      49
      35
      38
      38
      31
      46
      50
      45
      48
      55
      62
      58
      49
      57
      54
      45
      63
      68
      67
      69
      85
      84
      90
      64
      82
      77
      91
      98
      89
      88
     109
     103
     122
     116
     109
     109
     133
     139
     123
     114
     140
     120
     121
     138
     121
     130
     130
     125
     129
     124
     138
     132
     153
     130
     134
     136
     153
     149
     151
     138
     126
     141
     128
     141
     162
     144
     127
     181
     129
     146
     143
     139
     140
     115
     144
     157
     154
     134
     117
     135
     112
     119
     106
     100
      90
     119
     117
      97
      97
      89
     100
      82
     102
     106
      75
      86
      83
      88
      67
      96
      68
      77
      60
      88
      61
      72
      52
      50
      59
      51
      52
      54
      41
      47
      41
      40
      34
      30
      30
      35
      34
      27
      29
      25
      22
      19
      21
      25
      15
      24
      19
      27
      14
      18
      16
      18
      14
      21
      13
      12
      10
      14
      18
       8
      12
       8
       8
       7
       8
       3
       9
      11
      11
       7
       7
       7
       4
       2
       8
       2
       6
       2
       5
       3
       4
       5
       1
       2
       2
       5
       5
       4
       5
       7
       5
       2
       3
       2
       6
       6
       7
       3
       4
       9
       7
       3
       5
       2
       6
       6
       3
       4
       3
       3
       2
       3
       8
       2
       2
       4
       9
       5
       5
       1
       5
       6
       5
       3
       0
       3
       4
       4
       2
       4
       6
       8
       1
       5
       2
       5
       2
       5
       5
       1
       2
       1
       4
       4
       3
       4
       4
       4
       3
       3
       7
       6
       4
       6
       4
       1
       2
       3
       2
       4
       2
       3
       0
       5
       5
       6
       6
       2
       4
       6
       1
       3
       5
       2
       2
       1
       3
       1
       4
       7
       3
       2
       4
       6
       6
       3
       6
       5
       2
       2
       1
       5
       8
       1
       6
       3
       1
       5
       2
       3
       8
       3
       4
       2
       1
       5
       1
       3
       3
       4
       2
       4
       1
       2
       2
       3
       4
       2
       2
       3
       4
       5
       2
       1
       3
       1
       0
       3
       2
       2
       1
       1
       4
       2
       2
       3
       2
       3
       2
       6
       0
       1
       2
       1
       1
       4
       2
       1
       3
       2
       2
       2
       1
       2
       3
       1
       0
       2
       1
       3
       6
       6
       3
       1
       4
       5
       3
       4
       3
       1
       2
       1
       2
       2
       2
       5
       0
       2
       3
       1
       0
       3
       1
       2
       4
       1
       3
       1
       3
       3
       2
       3
       3
       4
       3
       1
       6
       5
       1
       3
       3
       3
       2
       1
       3
       3
       5
       0
       1
       1
       4
       2
       1
       3
       2
       2
       5
       0
       1
       0
       4
       3
       2
       4
       1
       2
       1
       1
       0
       2
       3
       3
       6
       1
       0
       6
       3
       5
       1
       3
       0
       5
       4
       2
       0
       1
       0
       2
       2
       4
       1
       4
       0
       3
       0
       1
       3
       3
       4
       0
       0
       2
       4
       4
       0
       4
       1
       4
       1
       4
       2
       3
       4
       0
       0
       3
       2
       1
       0
       0
       0
       0
       5
       1
       0
       2
       3
       2
       0
       0
       0
       1
       2
       2
       0
       1
       1
       2
       2
       6
       1
       2
       1
       4
       3
       2
       4
       0
       2
       1
       1
       3
       3
       1
       2
       3
       3
       3
       3
       3
       0
       0
       0
       0
       0
       0
       0
       0
       0
       0
       0
       0
       0
       0
       0
       0
       0
       0
       0
       0
       0
       0
       0
       0
       0
       0
       0
       0
       0
       0
       0
       0
$ROI:
2
717 861
1457 1650
$PRESETS:
Live Time
60
0
$ENER_FIT:
-42.304211 0.890313
$MCA_CAL:
3
-4.230421E+001 8.903126E-001 0.000000E+000 keV
$SHAPE_CAL:
3
1.082589E+001 4.299253E-002 0.000000E+000
