$SPEC_ID:
No sample description was entered.
$SPEC_REM:
DET# 1
DETDESC# W8481118 Model 928 SN 14338160
AP# Maestro Version 7.01
$DATE_MEA:
04/20/2023 16:20:34
$MEAS_TIM:
60 63
$DATA:
0 2047
       0
       0
       0
       0
       0
       0
       0
       0
       0
       0
       0
       0
       0
       0
       0
     114
     336
     268
     234
     248
     255
     274
     271
     275
     274
     256
     291
     265
     264
     279
     290
     277
     287
     251
     331
     388
     409
     440
     580
     631
     797
     935
    1009
    1060
    1092
    1026
     901
     762
     697
     614
     533
     510
     456
     406
     413
     377
     329
     337
     320
     309
     321
     296
     330
     333
     320
     323
     333
     357
     334
     298
     295
     340
     320
     322
     345
     326
     356
     363
     326
     334
     356
     311
     351
     341
     341
     370
     381
     386
     374
     376
     336
     411
     380
     377
     397
     442
     439
     427
     462
     445
     481
     459
     448
     414
     443
     396
     413
     427
     400
     402
     400
     421
     417
     393
     392
     409
     371
     387
     392
     378
     349
     381
     361
     376
     356
     378
     383
     385
     358
     390
     353
     390
     388
     377
     368
     392
     351
     377
     346
     380
     367
     416
     393
     389
     414
     390
     370
     377
     377
     391
     371
     392
     418
     426
     352
     424
     446
     414
     403
     387
     409
     408
     408
     401
     404
     431
     420
     408
     385
     400
     398
     389
     415
     383
     380
     430
     389
     451
     400
     394
     400
     433
     416
     400
     373
     410
     395
     401
     440
     392
     398
     409
     410
     436
     398
     441
     423
     422
     406
     431
     445
     395
     415
     413
     381
     407
     445
     425
     425
     405
     426
     441
     476
     439
     412
     436
     449
     419
     449
     417
     434
     484
     460
     463
     507
     438
     514
     472
     520
     538
     500
     546
     566
     556
     580
     550
     577
     564
     592
     593
     613
     593
     598
     613
     576
     605
     600
     572
     580
     611
     604
     565
     569
     615
     573
     566
     566
     564
     549
     526
     517
     560
     536
     491
     526
     548
     508
     505
     526
     541
     543
     533
     497
     544
     475
     533
     512
     497
     539
     502
     485
     479
     497
     504
     479
     512
     465
     474
     482
     502
     448
     456
     453
     505
     477
     444
     487
     478
     439
     472
     477
     480
     421
     461
     452
     470
     451
     439
     439
     436
     446
     401
     431
     427
     441
     454
     418
     444
     477
     416
     422
     465
     419
     410
     404
     440
     396
     408
     449
     440
     403
     396
     440
     398
     411
     403
     426
     422
     406
     399
     381
     399
     382
     411
     387
     427
     394
     379
     408
     377
     384
     391
     401
     403
     415
     435
     367
     376
     393
     392
     383
     384
     374
     375
     359
     359
     377
     391
     381
     387
     367
     402
     392
     384
     370
     387
     381
     392
     371
     404
     391
     396
     386
     371
     354
     373
     361
     377
     384
     388
     351
     370
     362
     344
     375
     340
     347
     347
     350
     367
     351
     386
     343
     324
     345
     384
     364
     326
     369
     369
     371
     332
     359
     359
     336
     354
     377
     351
     375
     388
     347
     334
     370
     335
     355
     329
     312
     320
     361
     353
     357
     384
     366
     368
     348
     367
     359
     344
     357
     374
     333
     366
     330
     361
     379
     337
     345
     360
     312
     342
     361
     323
     336
     331
     352
     324
     315
     358
     339
     355
     334
     306
     347
     330
     335
     335
     336
     337
     362
     345
     370
     360
     357
     358
     355
     346
     338
     359
     314
     360
     317
     364
     328
     341
     345
     366
     325
     346
     344
     314
     337
     346
     386
     341
     295
     345
     373
     329
     350
     334
     353
     336
     347
     328
     353
     326
     359
     341
     362
     345
     342
     340
     333
     338
     310
     335
     367
     325
     344
     341
     345
     360
     309
     369
     322
     355
     333
     340
     328
     395
     324
     385
     339
     336
     348
     322
     353
     364
     353
     343
     372
     353
     343
     317
     316
     321
     333
     353
     323
     351
     327
     290
     325
     306
     318
     335
     303
     315
     342
     316
     278
     287
     318
     291
     275
     275
     278
     279
     278
     247
     266
     238
     280
     263
     230
     202
     209
     231
     258
     235
     238
     241
     213
     217
     215
     202
     191
     196
     217
     193
     191
     204
     219
     210
     197
     200
     162
     190
     189
     186
     200
     179
     177
     185
     184
     189
     172
     176
     175
     159
     145
     166
     155
     162
     155
     154
     173
     165
     158
     154
     159
     154
     147
     157
     135
     165
     143
     124
     159
     146
     159
     167
     146
     172
     161
     152
     136
     141
     170
     130
     141
     156
     151
     150
     152
     113
     138
     151
     145
     126
     144
     137
     130
     130
     144
     122
     137
     134
     133
     137
     146
     142
     124
     142
     136
     119
     127
     123
     114
     131
     132
     114
     123
     138
     141
     127
     138
     136
     118
     132
     129
     139
     149
     131
     140
     118
     154
     147
     130
     138
     126
     147
     116
     118
     142
     133
     141
     136
     134
     136
     134
     147
     142
     126
     146
     140
     116
     150
     154
     133
     128
     134
     128
     138
     156
     138
     135
     132
     127
     168
     144
     161
     133
     155
     169
     135
     179
     134
     155
     151
     147
     172
     165
     165
     179
     179
     178
     222
     205
     225
     222
     241
     230
     263
     256
     289
     287
     327
     319
     360
     343
     396
     440
     460
     440
     458
     501
     593
     593
     586
     670
     657
     733
     757
     827
     865
     875
     931
    1029
    1082
    1083
    1209
    1237
    1282
    1362
    1430
    1410
    1510
    1559
    1680
    1693
    1715
    1808
    1886
    1822
    2023
    2037
    2134
    2108
    2202
    2206
    2246
    2343
    2286
    2305
    2396
    2377
    2425
    2383
    2427
    2462
    2434
    2466
    2450
    2377
    2402
    2368
    2362
    2316
    2361
    2259
    2233
    2129
    2116
    2024
    2007
    1968
    1887
    1885
    1741
    1675
    1580
    1571
    1426
    1384
    1328
    1341
    1228
    1212
    1107
    1022
     996
     893
     832
     786
     777
     702
     678
     614
     532
     547
     503
     411
     420
     372
     370
     315
     351
     295
     253
     222
     210
     188
     172
     159
     178
     156
     137
     135
     101
     107
     115
      96
      83
      84
      93
      63
      78
      74
      63
      63
      70
      56
      66
      55
      58
      52
      56
      60
      49
      47
      48
      59
      51
      63
      45
      43
      51
      50
      51
      50
      50
      43
      54
      47
      47
      58
      52
      50
      43
      47
      46
      49
      62
      40
      48
      54
      52
      52
      61
      60
      46
      64
      44
      52
      53
      55
      55
      49
      55
      53
      73
      43
      48
      56
      55
      67
      49
      56
      42
      55
      57
      49
      48
      59
      60
      65
      44
      45
      50
      50
      56
      59
      66
      46
      52
      48
      51
      49
      58
      62
      54
      51
      42
      51
      41
      56
      48
      47
      56
      36
      48
      49
      40
      51
      56
      51
      60
      48
      45
      46
      53
      54
      54
      66
      51
      61
      46
      48
      53
      59
      58
      51
      57
      60
      67
      59
      50
      73
      43
      71
      58
      50
      55
      61
      57
      43
      62
      65
      48
      35
      49
      53
      62
      54
      59
      64
      43
      39
      46
      56
      52
      60
      49
      78
      52
      66
      45
      49
      79
      48
      56
      50
      52
      47
      55
      53
      63
      72
      54
      54
      56
      39
      56
      47
      47
      61
      46
      42
      54
      64
      59
      58
      57
      56
      60
      54
      62
      52
      60
      50
      62
      48
      51
      55
      51
      68
      54
      45
      55
      55
      53
      39
      57
      54
      73
      57
      53
      42
      57
      63
      51
      48
      59
      60
      52
      53
      51
      53
      48
      46
      45
      45
      52
      52
      69
      56
      50
      48
      58
      52
      42
      52
      47
      61
      46
      53
      50
      33
      44
      49
      48
      58
      46
      49
      60
      37
      46
      61
      52
      44
      50
      47
      41
      41
      47
      46
      46
      55
      45
      47
      61
      52
      45
      41
      43
      29
      56
      52
      39
      35
      58
      44
      38
      49
      44
      34
      45
      42
      48
      39
      45
      35
      37
      37
      39
      44
      54
      47
      36
      38
      39
      40
      51
      37
      43
      38
      40
      45
      36
      32
      35
      42
      50
      34
      44
      34
      45
      44
      32
      41
      46
      47
      30
      41
      35
      46
      41
      35
      42
      41
      33
      21
      40
      34
      35
      45
      25
      34
      36
      25
      39
      38
      34
      36
      34
      34
      26
      26
      18
      38
      38
      37
      33
      29
      44
      41
      39
      40
      28
      39
      45
      31
      43
      26
      21
      32
      31
      32
      31
      31
      38
      34
      30
      36
      31
      25
      40
      35
      28
      40
      27
      20
      37
      37
      39
      40
      31
      32
      41
      34
      38
      36
      35
      39
      53
      42
      27
      29
      44
      37
      35
      38
      30
      39
      39
      32
      31
      22
      42
      29
      35
      32
      32
      34
      31
      32
      41
      25
      35
      23
      27
      32
      34
      26
      33
      30
      27
      32
      27
      36
      33
      24
      29
      21
      30
      31
      26
      30
      22
      22
      30
      32
      34
      24
      33
      34
      33
      41
      25
      33
      40
      30
      20
      28
      29
      29
      27
      38
      36
      43
      35
      26
      31
      32
      54
      50
      43
      40
      33
      37
      30
      27
      43
      58
      39
      40
      49
      44
      36
      64
      42
      51
      53
      61
      51
      53
      59
      55
      59
      65
      48
      72
      69
      74
      79
      77
      87
      81
      91
     101
      88
      75
      83
     109
      97
      94
     111
     106
     115
      96
     117
     132
     119
     135
     141
     111
     126
     139
     149
     110
     138
     129
     133
     138
     152
     141
     165
     152
     176
     163
     162
     168
     153
     147
     151
     173
     161
     141
     160
     164
     187
     147
     185
     172
     151
     143
     147
     148
     140
     136
     150
     147
     122
     147
     128
     137
     136
     113
     113
     130
     133
     106
     122
     107
     116
     111
     109
     100
     100
     105
      92
      91
      88
      82
      94
      86
      80
      68
      79
      82
      57
      46
      61
      63
      60
      60
      64
      59
      37
      54
      43
      40
      37
      34
      48
      32
      39
      33
      35
      27
      28
      27
      29
      19
      22
      17
      24
      30
      26
      15
      16
      18
       9
      20
      19
      14
      17
      12
       8
      11
      17
      14
      22
      16
      16
      14
      18
      16
      13
      22
      15
      21
      15
      12
      17
      21
      15
      14
      24
      21
      22
      20
      20
      30
      22
      20
      19
      18
      23
      26
      34
      30
      33
      28
      31
      30
      34
      30
      35
      36
      28
      42
      29
      35
      49
      42
      42
      40
      52
      57
      52
      54
      46
      57
      53
      50
      77
      61
      66
      78
      78
      68
      68
      87
      70
      83
      70
      90
      88
      98
      91
     108
      88
      97
     100
     101
      94
     108
     100
     108
     139
     109
     125
     115
     127
     129
     121
     139
     133
     123
     122
     117
     135
     135
     143
     139
     118
     122
     131
     142
     132
     136
     135
     131
     115
     138
     121
     128
     120
     140
     128
     139
     106
     122
     120
     117
     123
     122
     107
     131
     116
     124
     134
      99
     111
     113
      99
     106
      82
     116
      90
      80
      79
      81
      79
      87
      82
      65
      71
      67
      77
      50
      70
      54
      55
      67
      45
      48
      54
      53
      57
      37
      41
      37
      45
      40
      31
      34
      30
      28
      28
      26
      22
      34
      18
      26
      27
      26
      22
      20
      21
      20
      17
      18
      17
      17
      18
      11
      10
       9
       8
      11
      10
      11
      10
       9
       6
       6
       9
       9
       3
       9
       4
       5
       4
       4
       4
       7
       7
       3
       4
       4
       3
       5
       5
       3
       6
       5
       8
       5
       9
       2
      12
       9
       8
       5
       2
       3
       5
       4
       5
       4
       3
       2
       5
       2
       6
       2
       6
       2
       8
       5
       2
       6
       8
       1
       8
       7
       3
       6
       5
       1
       2
       3
       4
       5
       6
       5
       5
       2
       6
       4
       2
       3
       2
       5
       1
       2
       6
       4
       4
       4
       7
       4
       2
       0
       3
       1
       2
       3
       2
       4
       3
       6
       3
       3
       3
       4
       2
       4
       2
       3
       6
       6
       3
       2
       3
       1
       1
       3
       6
       1
       2
       0
       5
       3
       2
       4
       1
       3
      12
       1
       1
       3
       4
       6
       5
       4
       7
       0
       0
       3
       4
       1
       0
       1
       6
       4
       1
       1
       0
       9
       4
       5
       3
       5
       4
       2
       1
       3
       0
       2
       3
       2
       0
       1
       6
       2
       5
       6
       0
       3
       5
       2
       1
       1
       2
       1
       1
       2
       2
       0
       4
       3
       1
       2
       0
       3
       1
       2
       2
       4
       2
       1
       1
       5
       4
       2
       4
       5
       2
       5
       5
       4
       1
       3
       1
       6
       0
       1
       1
       3
       2
       1
       1
       1
       4
       1
       2
       2
       0
       2
       4
       2
       1
       6
       0
       2
       6
       1
       1
       3
       2
       6
       5
       2
       3
       4
       1
       3
       5
       0
       2
       2
       5
       0
       0
       3
       0
       4
       0
       2
       1
       1
       4
       0
       3
       2
       1
       0
       2
       3
       5
       1
       2
       2
       1
       1
       3
       5
       3
       2
       0
       0
       3
       1
       2
       3
       2
       3
       1
       3
       4
       1
       2
       1
       1
       5
       1
       2
       5
       2
       4
       1
       3
       1
       1
       1
       3
       0
       1
       1
       3
       0
       1
       3
       4
       0
       1
       1
       1
       2
       1
       2
       1
       2
       1
       3
       0
       1
       2
       0
       1
       3
       1
       2
       0
       2
       2
       4
       2
       5
       1
       0
       5
       0
       3
       3
       2
       1
       3
       1
       0
       1
       1
       2
       2
       1
       4
       3
       0
       1
       3
       0
       0
       1
       2
       5
       3
       5
       2
       2
       1
       2
       1
       2
       0
       1
       1
       3
       2
       1
       2
       2
       1
       0
       0
       0
       0
       0
       0
       0
       0
       0
       0
       0
       0
       0
       0
       0
       0
       0
       0
       0
       0
       0
       0
       0
       0
       0
       0
       0
       0
       0
       0
       0
       0
$ROI:
2
717 861
1457 1650
$PRESETS:
Live Time
60
0
$ENER_FIT:
-42.304211 0.890313
$MCA_CAL:
3
-4.230421E+001 8.903126E-001 0.000000E+000 keV
$SHAPE_CAL:
3
1.082589E+001 4.299253E-002 0.000000E+000
