$SPEC_ID:
No sample description was entered.
$SPEC_REM:
DET# 1
DETDESC# W8481118 Model 928 SN 14338160
AP# Maestro Version 7.01
$DATE_MEA:
04/20/2023 15:25:03
$MEAS_TIM:
60 62
$DATA:
0 2047
       0
       0
       0
       0
       0
       0
       0
       0
       0
       0
       0
       0
       0
       0
       0
      70
     235
     172
     193
     194
     153
     204
     190
     178
     152
     167
     182
     161
     200
     151
     192
     194
     190
     175
     210
     161
     220
     198
     195
     193
     194
     185
     225
     210
     185
     194
     196
     213
     209
     233
     254
     212
     210
     217
     226
     219
     252
     218
     231
     251
     205
     230
     237
     243
     227
     234
     197
     237
     215
     239
     203
     252
     230
     228
     211
     213
     255
     232
     246
     187
     244
     234
     243
     236
     230
     213
     278
     238
     260
     250
     318
     309
     314
     346
     382
     440
     454
     394
     467
     492
     446
     458
     463
     434
     404
     435
     333
     381
     327
     349
     352
     341
     340
     349
     313
     317
     291
     307
     289
     310
     272
     275
     263
     254
     205
     239
     228
     234
     232
     229
     235
     260
     222
     185
     244
     267
     224
     230
     240
     240
     228
     241
     210
     243
     220
     226
     263
     225
     237
     221
     236
     229
     225
     210
     244
     228
     227
     219
     226
     239
     231
     234
     212
     246
     233
     226
     225
     222
     249
     233
     224
     218
     250
     212
     234
     244
     247
     234
     256
     211
     233
     202
     222
     235
     244
     224
     217
     227
     259
     223
     226
     230
     227
     234
     256
     184
     243
     230
     234
     200
     214
     213
     207
     230
     221
     231
     211
     227
     202
     244
     227
     226
     232
     219
     248
     230
     246
     259
     258
     244
     204
     237
     263
     257
     245
     233
     258
     261
     252
     244
     283
     251
     275
     261
     284
     260
     251
     232
     264
     263
     265
     259
     230
     255
     267
     242
     285
     227
     237
     255
     241
     229
     256
     240
     258
     233
     241
     267
     257
     238
     233
     226
     247
     235
     230
     259
     246
     241
     237
     243
     249
     249
     238
     223
     245
     248
     238
     246
     250
     270
     239
     234
     215
     207
     225
     218
     245
     236
     236
     244
     233
     233
     241
     237
     249
     250
     243
     212
     209
     248
     235
     222
     258
     223
     217
     233
     239
     234
     249
     224
     220
     218
     241
     213
     241
     238
     231
     247
     244
     203
     239
     273
     234
     250
     255
     218
     253
     220
     264
     269
     231
     235
     229
     214
     268
     243
     232
     224
     238
     224
     222
     244
     246
     227
     213
     230
     206
     232
     235
     239
     270
     260
     255
     245
     240
     256
     294
     220
     229
     237
     269
     219
     235
     248
     226
     246
     256
     232
     232
     261
     262
     253
     228
     249
     231
     246
     237
     284
     241
     244
     249
     248
     274
     241
     244
     237
     250
     245
     284
     249
     242
     239
     231
     247
     239
     260
     247
     248
     239
     241
     246
     271
     273
     239
     227
     260
     247
     270
     255
     257
     274
     234
     213
     222
     268
     239
     246
     236
     260
     226
     272
     236
     277
     239
     258
     240
     238
     225
     245
     238
     240
     248
     256
     267
     244
     253
     282
     249
     209
     249
     271
     265
     240
     207
     270
     275
     287
     236
     264
     273
     275
     237
     257
     231
     246
     268
     233
     268
     244
     273
     254
     239
     227
     244
     254
     253
     250
     222
     241
     265
     237
     248
     247
     235
     251
     245
     236
     254
     265
     238
     249
     260
     256
     253
     233
     268
     254
     234
     247
     247
     243
     277
     249
     261
     247
     268
     257
     283
     274
     254
     233
     264
     261
     287
     249
     264
     275
     278
     296
     271
     221
     253
     243
     244
     267
     251
     280
     269
     249
     276
     292
     243
     255
     244
     282
     264
     302
     256
     260
     268
     275
     292
     278
     266
     256
     254
     264
     254
     275
     259
     244
     266
     286
     254
     268
     261
     266
     250
     239
     261
     251
     262
     222
     241
     215
     223
     213
     231
     220
     236
     223
     230
     221
     218
     214
     228
     222
     221
     218
     181
     200
     193
     195
     195
     198
     198
     200
     184
     188
     177
     166
     170
     164
     198
     167
     198
     190
     178
     185
     174
     170
     169
     162
     175
     163
     155
     167
     164
     189
     174
     160
     142
     164
     135
     161
     155
     158
     173
     158
     158
     154
     152
     166
     154
     160
     142
     155
     131
     155
     156
     164
     145
     156
     159
     160
     152
     143
     121
     125
     142
     138
     162
     174
     152
     152
     136
     165
     160
     158
     137
     158
     130
     156
     134
     133
     146
     127
     149
     120
     125
     165
     136
     157
     131
     158
     145
     133
     147
     141
     132
     158
     132
     142
     128
     159
     127
     160
     134
     123
     129
     126
     126
     131
     133
     120
     135
     135
     132
     143
     141
     148
     129
     110
     135
     140
     124
     154
     114
     130
     127
     142
     136
     132
     140
     127
     139
     128
     145
     106
     121
     125
     160
     125
     145
     143
     128
     149
     118
     126
     146
     135
     155
     134
     142
     137
     136
     146
     135
     137
     160
     138
     147
     169
     154
     137
     162
     149
     152
     188
     162
     175
     194
     167
     184
     164
     195
     181
     230
     227
     217
     227
     248
     248
     259
     239
     268
     272
     295
     311
     325
     343
     362
     378
     395
     413
     484
     454
     520
     542
     587
     606
     568
     662
     656
     730
     710
     792
     834
     828
     877
     856
     944
     951
     991
    1055
    1146
    1053
    1206
    1207
    1234
    1341
    1334
    1333
    1286
    1401
    1400
    1471
    1425
    1519
    1603
    1578
    1533
    1628
    1540
    1503
    1510
    1520
    1577
    1605
    1567
    1577
    1512
    1494
    1541
    1483
    1471
    1370
    1344
    1359
    1259
    1307
    1259
    1137
    1156
    1100
    1069
     987
     976
     951
     879
     830
     724
     755
     741
     679
     623
     605
     555
     543
     524
     485
     443
     410
     395
     354
     359
     312
     288
     238
     263
     211
     214
     192
     187
     174
     137
     150
     128
     118
     110
      95
      95
      88
      90
      77
      64
      70
      64
      68
      65
      75
      46
      57
      54
      43
      49
      53
      56
      51
      41
      52
      51
      41
      54
      49
      40
      49
      48
      51
      39
      36
      49
      37
      48
      42
      58
      34
      46
      50
      43
      45
      43
      46
      38
      48
      35
      42
      45
      44
      50
      42
      35
      38
      36
      58
      39
      33
      48
      47
      36
      53
      52
      38
      48
      49
      35
      50
      50
      43
      40
      42
      50
      36
      43
      38
      36
      46
      41
      45
      46
      40
      44
      58
      59
      44
      38
      39
      35
      42
      42
      55
      40
      50
      53
      48
      42
      51
      36
      43
      58
      48
      38
      43
      36
      44
      41
      46
      43
      46
      35
      43
      45
      47
      41
      40
      43
      52
      46
      40
      37
      45
      49
      43
      44
      40
      40
      55
      36
      29
      63
      39
      37
      45
      59
      46
      49
      47
      43
      50
      46
      36
      53
      34
      48
      45
      51
      44
      49
      49
      52
      49
      43
      47
      48
      47
      46
      40
      47
      48
      49
      45
      49
      41
      44
      48
      36
      45
      47
      48
      46
      40
      43
      49
      56
      48
      47
      59
      41
      54
      50
      46
      43
      54
      38
      38
      44
      53
      42
      42
      44
      49
      51
      55
      49
      48
      41
      48
      42
      46
      36
      41
      42
      37
      43
      51
      50
      32
      49
      44
      56
      51
      40
      46
      45
      58
      47
      55
      48
      27
      47
      48
      51
      35
      45
      41
      46
      53
      35
      44
      52
      49
      44
      48
      54
      34
      48
      41
      35
      48
      51
      38
      53
      41
      39
      41
      49
      50
      40
      45
      41
      51
      41
      48
      48
      39
      45
      39
      52
      40
      42
      40
      34
      51
      45
      32
      41
      46
      43
      39
      33
      51
      37
      29
      51
      49
      42
      33
      34
      37
      48
      42
      40
      45
      43
      55
      32
      45
      31
      30
      32
      39
      42
      43
      34
      33
      29
      31
      25
      32
      36
      37
      32
      36
      28
      37
      37
      31
      37
      34
      40
      29
      29
      28
      35
      36
      39
      24
      37
      36
      29
      38
      25
      33
      43
      21
      37
      43
      26
      37
      24
      30
      34
      37
      28
      35
      29
      31
      25
      42
      22
      35
      23
      40
      33
      24
      37
      36
      22
      36
      23
      34
      33
      25
      32
      25
      34
      34
      24
      34
      38
      41
      37
      30
      46
      29
      30
      26
      22
      37
      30
      23
      34
      28
      29
      24
      41
      17
      30
      28
      32
      36
      27
      21
      29
      33
      34
      20
      21
      35
      28
      23
      26
      26
      31
      33
      26
      18
      28
      34
      27
      27
      27
      31
      27
      24
      29
      24
      28
      25
      22
      26
      21
      22
      30
      29
      25
      28
      25
      25
      32
      23
      31
      33
      28
      24
      35
      22
      19
      29
      22
      25
      24
      21
      34
      29
      23
      29
      20
      25
      27
      31
      31
      38
      33
      33
      42
      28
      27
      30
      26
      32
      30
      25
      29
      28
      29
      39
      26
      24
      26
      39
      33
      30
      38
      36
      49
      45
      32
      44
      35
      38
      38
      39
      38
      47
      52
      42
      38
      43
      46
      45
      52
      53
      55
      53
      62
      61
      68
      60
      72
      63
      73
      67
      67
      73
      70
      80
      74
      78
      84
      98
     114
      91
      84
      98
      92
     102
     112
     105
     122
     102
     116
     105
     112
     101
     126
     133
     124
     127
     106
     118
     134
     129
     113
     145
     120
     134
     118
     126
     126
     122
     146
     150
     132
     128
     135
     116
     127
     151
     115
     129
     131
     121
     110
     109
      92
     110
     120
     101
     120
     105
     108
      97
      83
      88
      97
      89
      79
      80
      99
      79
      98
      78
      81
      70
      49
      81
      59
      78
      68
      52
      57
      53
      48
      48
      41
      52
      56
      47
      47
      36
      41
      41
      29
      36
      37
      34
      36
      29
      34
      32
      20
      26
      34
      21
      21
      21
      22
      21
      20
      15
      23
      13
      20
      10
      11
      11
      15
      11
      18
      13
       8
      17
       9
      16
      13
      15
      13
      11
      11
       8
      14
      13
      13
      14
      12
       5
      17
      12
      17
      12
      22
      15
      14
      20
      14
      16
      25
      18
      14
      19
      25
      19
      21
      26
      29
      26
      35
      25
      28
      41
      25
      34
      34
      26
      38
      36
      41
      31
      33
      46
      45
      39
      39
      37
      46
      65
      60
      58
      50
      54
      55
      51
      62
      55
      68
      70
      68
      53
      72
      98
      74
      71
      94
      92
      73
      90
      78
      97
      83
      90
      99
      81
     103
     117
      94
      85
      96
     107
     100
      98
      93
      94
      95
      94
     108
     105
      97
     118
     127
     106
     101
      98
     104
     123
     107
     111
     116
     106
     101
      95
      99
      91
      90
     104
     101
     105
     104
      80
      98
     110
      94
      91
      81
      76
      96
      74
      85
      85
      78
      55
      68
      79
      72
      74
      70
      73
      55
      60
      75
      37
      52
      56
      48
      36
      40
      34
      33
      31
      38
      31
      28
      33
      32
      36
      28
      29
      34
      25
      28
      27
      32
      20
      20
      20
      30
      10
      20
      13
      21
      13
      14
      11
      17
      13
      12
      12
       7
       5
       6
       8
       6
       8
      11
       5
      10
       8
       7
       8
       3
       4
       2
       3
       3
       6
       4
       5
       3
       5
       4
       8
       6
       5
       5
       2
       5
       3
       5
       2
       4
       4
       2
       1
       2
       6
       3
       4
       8
       4
       2
       3
       2
       4
       7
       3
       2
       3
       6
       5
       4
       2
       7
       6
       2
       1
       4
       3
       2
       4
       3
       3
       2
       3
       2
       4
       1
       5
       2
       0
       4
       2
       2
       3
       2
       2
       2
       3
       2
       5
       7
       3
       4
       2
       2
       4
       3
       2
       1
       4
       0
       3
       8
       4
       2
       3
       5
       2
       2
       3
       2
       4
       0
       2
       4
       2
       0
       3
       3
       4
       1
       1
       5
       6
       3
       2
       4
       2
       1
       1
       2
       3
       1
       0
       4
       3
       3
       2
       2
       0
       3
       3
       2
       2
       0
       3
       2
       2
       1
       2
       1
       3
       3
       1
       4
       3
       1
       0
       2
       2
       3
       1
       0
       1
       0
       5
       2
       1
       1
       5
       1
       2
       0
       0
       0
       0
       1
       1
       1
       3
       1
       2
       2
       0
       1
       2
       2
       0
       2
       4
       1
       1
       2
       2
       0
       2
       2
       1
       2
       2
       3
       0
       3
       2
       4
       3
       1
       0
       0
       2
       1
       3
       4
       2
       3
       2
       0
       4
       2
       1
       1
       3
       1
       4
       1
       3
       1
       1
       3
       1
       3
       5
       0
       0
       2
       1
       3
       2
       2
       2
       3
       1
       1
       1
       2
       2
       1
       5
       1
       2
       0
       1
       3
       1
       2
       1
       1
       2
       2
       1
       2
       2
       1
       2
       2
       2
       3
       2
       1
       0
       2
       0
       1
       0
       1
       0
       1
       3
       2
       1
       0
       1
       1
       0
       1
       1
       5
       2
       0
       3
       2
       2
       0
       0
       1
       2
       0
       1
       1
       0
       0
       3
       0
       0
       2
       3
       3
       2
       1
       0
       1
       2
       0
       1
       0
       0
       0
       3
       1
       1
       0
       1
       1
       1
       2
       0
       2
       3
       0
       1
       2
       1
       0
       0
       1
       0
       1
       4
       0
       1
       2
       3
       1
       1
       0
       1
       4
       0
       3
       0
       1
       1
       1
       2
       0
       1
       0
       1
       3
       2
       2
       1
       1
       3
       2
       2
       1
       0
       1
       0
       2
       2
       1
       2
       1
       3
       3
       0
       1
       4
       0
       1
       1
       2
       2
       1
       1
       0
       0
       0
       0
       0
       0
       0
       0
       0
       0
       0
       0
       0
       0
       0
       0
       0
       0
       0
       0
       0
       0
       0
       0
       0
       0
       0
       0
       0
       0
       0
       0
$ROI:
2
717 861
1457 1650
$PRESETS:
Live Time
60
0
$ENER_FIT:
-42.304211 0.890313
$MCA_CAL:
3
-4.230421E+001 8.903126E-001 0.000000E+000 keV
$SHAPE_CAL:
3
1.082589E+001 4.299253E-002 0.000000E+000
