$SPEC_ID:
No sample description was entered.
$SPEC_REM:
DET# 1
DETDESC# W8481118 Model 928 SN 14338160
AP# Maestro Version 7.01
$DATE_MEA:
04/20/2023 15:46:06
$MEAS_TIM:
60 61
$DATA:
0 2047
       0
       0
       0
       0
       0
       0
       0
       0
       0
       0
       0
       0
       0
       0
       0
      29
      68
      66
      69
      71
      66
      68
      66
      73
      77
      73
      77
      80
      64
      73
      60
      77
      81
      71
      80
      84
      85
      70
      89
      94
      73
      83
      73
      70
      85
      90
      79
      63
      91
      89
      70
      78
      86
      65
      92
      97
     105
      93
      89
      93
     103
     112
     113
      87
      75
     112
      87
      92
      85
     101
     102
     102
      87
      79
      94
      89
     107
      91
      95
      97
      99
     115
     106
     107
     121
     122
     109
     130
     113
      89
     129
     137
     118
     138
     163
     187
     169
     215
     223
     211
     184
     218
     161
     177
     187
     211
     166
     165
     150
     147
     166
     138
     156
     134
     167
     160
     155
     131
     145
     108
     122
     126
     105
     126
     100
     116
     115
     124
     119
     105
     109
     128
     126
     131
     115
     111
     117
     134
     114
     108
     122
     120
     121
      87
     108
     116
     117
     121
     117
     109
     103
     103
     117
     100
     119
     121
     110
     125
     114
     102
     111
     113
     106
     112
     103
     126
      98
     112
     100
     114
      92
      87
     106
     113
      99
     113
     104
      97
     115
     115
     104
     128
     100
      99
     104
      99
     126
      86
      93
      99
     106
     113
     117
     111
     105
     107
     100
     107
     118
     109
      84
     102
     130
      95
     108
     116
     111
      92
     123
     105
     136
     110
     111
     120
     129
     120
     114
     109
     121
     128
     120
     101
     118
     117
     119
     123
     116
     120
     117
     129
     109
     138
     107
     136
     117
     112
     105
     122
     122
     125
     121
     101
     108
     126
     118
     121
     117
     106
     111
     104
     137
     117
     114
     108
     110
     116
      95
     107
     122
     119
     122
     118
     124
      93
     120
     109
     107
      98
     102
      99
     108
     111
     100
     140
     100
      81
     116
      96
     111
      93
      90
     110
     102
     115
     106
      95
     110
      95
      90
     108
      99
      77
      92
      99
      90
      97
      97
      86
     106
     107
     116
     103
      94
     112
      91
     102
      97
     101
      84
      80
      99
      79
      88
      90
     104
      97
      94
      77
      97
     102
      98
      98
      95
     106
      72
      88
      81
      88
      97
      92
      98
     113
      81
     111
     101
     107
      92
      94
     117
     112
     111
     100
      97
      87
      85
     110
     120
      96
      82
      99
     107
      90
      88
     127
      90
     112
      94
     102
      88
     111
      96
      85
      90
      95
     103
      90
      79
      78
      92
      99
     111
     113
     101
      88
     107
      87
      95
     102
      97
     103
      94
     104
      88
      99
      81
      96
      99
      86
      85
     101
      98
     110
      90
      90
      83
      99
      87
      95
     122
      99
      93
      87
      93
      84
      83
      89
     115
      92
     109
     103
      94
     109
      98
      95
     102
     106
      90
     100
     104
     112
     119
      94
     102
      85
     112
     107
      98
     108
     108
     100
      92
      95
     100
     103
      98
      98
     111
      90
     118
     103
     109
      93
     118
     101
      92
      91
     118
     111
     113
      91
     111
      82
     109
      89
      97
     100
      99
      92
     119
     106
      90
      95
      91
     104
     106
      83
     100
      92
     117
     101
     101
      90
      88
     110
     103
      98
     100
     113
      93
      98
      98
     103
     120
      86
     115
      83
      88
     106
     103
      99
     103
     101
      91
     122
     106
      97
     111
     114
     113
      98
      92
      86
      93
      93
     105
     115
     114
      99
      86
      92
     114
     101
     117
     107
     110
     118
      97
     112
     103
     130
     102
     115
     100
     115
      89
     122
     102
      97
     103
     103
     134
     103
     107
     109
     108
     108
     108
     113
     130
     118
     106
      94
     105
      99
     111
      93
      96
     110
     115
     106
     118
     111
      89
      97
     117
     104
     121
     102
     116
      96
     101
     113
      92
      90
     103
     109
      96
      98
     106
      97
      86
     112
      98
      91
      92
      76
      88
     100
     104
     102
      90
      85
      93
      78
      87
      89
      96
      91
      96
      87
      81
     100
     102
      91
      78
      92
      74
      77
      84
      79
      95
      83
      90
      81
      71
     104
     106
      84
      98
      88
      82
      97
     101
      76
      89
      68
     103
      73
      84
      75
      93
      83
      80
     106
      91
      72
      83
      67
      86
      92
      84
     102
      76
      81
      75
      98
      74
      72
      79
      77
      76
      91
      71
      82
      81
      87
      81
      90
      85
     104
      88
      90
      80
      79
      76
      77
      78
      62
      82
      82
      81
      71
      78
      96
      78
      78
      71
      85
      79
      94
      62
      72
      80
      81
      70
      79
      83
      67
      80
      72
      83
      73
      83
      92
      82
      80
      82
      78
      77
      81
      96
      82
      60
      92
      86
     107
      93
      89
      61
      82
      85
      91
      80
      89
      74
      76
      71
      81
      74
      77
      73
      81
      85
      91
     108
      96
      89
      87
      92
      75
      87
      91
      64
      79
      94
      87
      92
      94
      93
      95
      70
      96
     112
      84
     104
     114
     103
     107
     103
     114
     103
     100
     113
     111
     101
     126
     131
     118
     122
     126
     120
     128
     133
     142
     179
     146
     162
     197
     167
     190
     208
     193
     221
     242
     228
     241
     234
     255
     251
     290
     285
     294
     300
     301
     326
     338
     322
     362
     388
     365
     394
     392
     378
     371
     425
     417
     463
     402
     416
     431
     438
     427
     477
     462
     457
     481
     485
     399
     433
     421
     407
     410
     436
     483
     449
     417
     417
     387
     403
     431
     386
     353
     355
     316
     353
     301
     305
     301
     306
     262
     265
     258
     241
     252
     199
     226
     185
     182
     160
     162
     135
     160
     144
     140
     135
     111
      97
     105
      91
     106
      90
      79
      78
      71
      57
      46
      59
      61
      45
      59
      51
      39
      34
      49
      48
      34
      35
      28
      34
      32
      42
      30
      21
      32
      32
      19
      32
      28
      35
      27
      21
      29
      36
      22
      28
      31
      26
      33
      34
      13
      23
      28
      33
      20
      21
      36
      23
      33
      29
      25
      17
      32
      23
      30
      34
      23
      22
      24
      29
      33
      34
      33
      25
      36
      30
      27
      25
      30
      27
      27
      24
      28
      33
      21
      37
      32
      31
      38
      20
      20
      26
      25
      11
      31
      33
      17
      27
      29
      27
      27
      24
      25
      30
      23
      21
      31
      29
      36
      29
      31
      27
      28
      31
      22
      25
      29
      21
      23
      28
      32
      23
      25
      23
      33
      23
      23
      30
      27
      29
      28
      28
      26
      29
      24
      34
      29
      25
      25
      24
      23
      26
      30
      26
      26
      26
      25
      27
      30
      28
      17
      20
      27
      26
      25
      28
      28
      16
      16
      26
      33
      23
      30
      25
      21
      32
      29
      34
      37
      25
      22
      25
      26
      27
      32
      28
      27
      19
      18
      27
      21
      26
      28
      26
      28
      31
      21
      27
      31
      35
      21
      29
      27
      33
      30
      21
      31
      32
      31
      30
      40
      23
      26
      20
      20
      29
      30
      30
      20
      36
      21
      25
      20
      32
      24
      37
      33
      23
      32
      27
      17
      23
      20
      27
      32
      35
      24
      29
      27
      23
      29
      27
      31
      31
      25
      27
      21
      17
      26
      25
      27
      24
      13
      28
      27
      29
      24
      20
      33
      32
      26
      26
      28
      26
      19
      29
      26
      27
      28
      23
      20
      24
      20
      26
      28
      19
      14
      22
      15
      20
      37
      18
      23
      28
      19
      24
      29
      23
      22
      18
      26
      24
      30
      27
      18
      26
      19
      28
      25
      24
      27
      25
      14
      22
      15
      17
      21
      21
      22
      22
      19
      27
      21
      22
      20
      17
      20
      21
      27
      37
      19
      24
      26
      14
      16
      18
      28
      28
      15
       9
      17
      20
      22
      18
      18
      20
      22
      20
      32
      24
      31
      21
      24
      25
      23
      16
      14
      21
      20
      19
      15
      16
      23
       7
      14
      12
      22
      28
      28
      19
      11
      16
      15
      22
      24
      23
      19
      24
      20
      16
      19
      19
      21
      16
      20
      18
      23
      15
      11
      17
      19
      17
      14
      23
      12
      21
      20
       8
      22
      19
      16
      11
      27
      21
      17
      14
       6
      24
      26
      17
      15
      21
      16
      15
      10
      18
      13
      16
      19
      14
      15
      16
      18
      24
      18
      19
      11
      20
      16
      16
      23
      12
      24
      19
      17
      16
      20
      18
      11
      12
      15
      17
      14
      20
      15
      22
      29
      24
      11
      18
      14
      15
      21
      17
      12
      16
      13
      21
       7
      11
      14
      15
      21
      12
      18
      10
      15
      21
      17
      21
      12
      13
      18
      17
      20
      14
      18
      20
      14
      18
      17
      15
      10
      14
      19
      12
      13
      12
      22
      10
      17
       9
      15
       7
      15
      23
      22
      19
      22
      21
      15
      19
      17
      17
      21
      19
      17
      16
      25
      27
      15
      27
      17
      17
      17
      23
      27
      19
      14
      30
      27
      24
      23
      28
      33
      36
      22
      31
      31
      22
      29
      28
      33
      41
      36
      43
      33
      39
      29
      36
      35
      38
      46
      36
      47
      38
      40
      40
      56
      32
      57
      53
      58
      56
      59
      56
      53
      54
      51
      59
      50
      64
      68
      66
      57
      52
      59
      49
      56
      64
      67
      61
      64
      76
      64
      77
      60
      67
      65
      65
      49
      67
      64
      53
      43
      54
      63
      50
      58
      54
      40
      57
      43
      52
      51
      64
      54
      48
      51
      48
      48
      31
      39
      32
      36
      38
      53
      31
      33
      34
      34
      40
      24
      25
      24
      32
      28
      25
      22
      19
      32
      23
      20
      22
      23
      20
      20
      16
      23
      18
      12
      17
      16
       8
      16
      14
      16
      10
      13
      10
      10
      15
      10
      14
      10
       8
       4
      10
       8
       5
       9
       7
       3
       4
       9
       6
       7
      13
       7
      16
       8
       4
       6
       8
       5
       7
       8
       8
       5
       8
       7
       7
       8
       6
       7
       8
       9
       6
       7
      13
      10
      11
      12
      14
       8
      12
      10
       9
      10
      15
      20
       9
      18
      12
      15
       8
      13
      15
      14
      20
      18
      23
      16
      26
      15
      22
      26
      29
      23
      19
      25
      29
      34
      38
      28
      25
      35
      28
      43
      21
      31
      27
      37
      32
      39
      44
      35
      51
      44
      36
      66
      40
      42
      49
      48
      41
      48
      50
      38
      51
      44
      49
      47
      62
      43
      46
      49
      66
      55
      42
      42
      49
      52
      52
      62
      49
      50
      58
      37
      50
      49
      45
      48
      49
      65
      60
      61
      48
      41
      54
      44
      55
      36
      43
      45
      41
      46
      40
      32
      46
      52
      44
      42
      36
      31
      30
      32
      32
      26
      32
      30
      29
      36
      27
      19
      34
      25
      29
      26
      24
      18
      18
      19
      21
      18
      18
      22
      21
       9
       7
      10
      13
      10
       9
      15
       4
       6
      11
      10
      11
       5
       7
       7
       5
       5
       3
      10
       5
       2
       9
       2
       5
       6
       5
       8
       5
       2
       3
       2
       2
       1
       1
       3
       5
       3
       1
       3
       1
       3
       2
       2
       2
       2
       3
       5
       5
       1
       2
       4
       0
       0
       1
       1
       5
       0
       0
       2
       1
       0
       2
       0
       1
       1
       4
       2
       1
       2
       2
       1
       2
       1
       3
       0
       1
       1
       2
       3
       4
       4
       3
       1
       2
       0
       3
       0
       0
       6
       1
       0
       0
       1
       1
       1
       3
       0
       1
       1
       4
       2
       2
       0
       4
       3
       1
       2
       1
       1
       2
       3
       1
       1
       2
       1
       1
       1
       2
       0
       2
       0
       3
       0
       4
       2
       1
       2
       2
       0
       1
       2
       0
       1
       1
       0
       1
       0
       2
       1
       0
       2
       1
       2
       0
       1
       1
       2
       0
       1
       1
       1
       1
       1
       1
       0
       1
       3
       0
       0
       1
       0
       0
       2
       0
       1
       2
       3
       0
       0
       0
       0
       2
       0
       1
       0
       0
       2
       1
       3
       0
       3
       0
       0
       1
       0
       0
       0
       0
       2
       0
       0
       1
       1
       1
       0
       0
       0
       0
       0
       2
       0
       1
       0
       0
       1
       0
       1
       1
       0
       1
       0
       2
       1
       1
       0
       1
       1
       1
       1
       1
       0
       1
       0
       0
       0
       1
       0
       0
       3
       0
       0
       4
       1
       2
       0
       0
       1
       1
       0
       0
       2
       1
       0
       2
       1
       0
       1
       0
       0
       0
       2
       1
       0
       3
       0
       0
       1
       0
       0
       0
       0
       1
       0
       2
       0
       0
       0
       0
       0
       0
       1
       0
       1
       0
       0
       0
       0
       2
       0
       0
       0
       1
       1
       2
       2
       2
       0
       0
       2
       0
       0
       2
       0
       0
       0
       1
       0
       0
       2
       0
       0
       0
       1
       0
       1
       1
       0
       0
       0
       0
       0
       0
       1
       1
       1
       0
       0
       0
       2
       0
       1
       0
       0
       2
       1
       0
       0
       0
       0
       0
       0
       0
       1
       0
       0
       0
       0
       2
       0
       1
       0
       0
       0
       0
       1
       2
       0
       0
       0
       0
       2
       1
       1
       0
       1
       0
       0
       0
       0
       0
       1
       2
       1
       2
       0
       1
       1
       0
       0
       1
       0
       1
       0
       0
       1
       1
       0
       0
       1
       0
       0
       2
       0
       0
       0
       0
       0
       1
       2
       2
       1
       2
       0
       2
       0
       1
       0
       1
       0
       0
       0
       0
       0
       0
       0
       0
       0
       0
       0
       0
       0
       0
       0
       0
       0
       0
       0
       0
       0
       0
       0
       0
       0
       0
       0
       0
       0
       0
       0
       0
       0
$ROI:
2
717 861
1457 1650
$PRESETS:
Live Time
60
0
$ENER_FIT:
-42.304211 0.890313
$MCA_CAL:
3
-4.230421E+001 8.903126E-001 0.000000E+000 keV
$SHAPE_CAL:
3
1.082589E+001 4.299253E-002 0.000000E+000
