$SPEC_ID:
No sample description was entered.
$SPEC_REM:
DET# 1
DETDESC# W8481118 Model 928 SN 14338160
AP# Maestro Version 7.01
$DATE_MEA:
04/20/2023 15:41:05
$MEAS_TIM:
60 61
$DATA:
0 2047
       0
       0
       0
       0
       0
       0
       0
       0
       0
       0
       0
       0
       0
       0
       4
     342
     492
     393
     365
     371
     340
     305
     301
     296
     267
     280
     252
     228
     193
     197
     202
     154
     185
     189
     175
     176
     167
     158
     148
     124
     140
     138
     143
     142
     144
     141
     127
     131
     136
     116
     140
     131
     121
     127
     132
     118
     138
     149
     138
     132
     147
     131
     132
     140
     147
     131
     138
     144
     131
     118
     126
     126
     131
     137
     131
     131
     136
     131
     129
     141
     141
     145
     137
     161
     137
     142
     138
     165
     145
     162
     170
     194
     201
     212
     219
     241
     222
     248
     277
     273
     285
     269
     267
     240
     250
     225
     231
     201
     181
     188
     192
     211
     191
     181
     204
     204
     182
     154
     179
     177
     166
     158
     163
     140
     139
     126
     143
     136
     136
     136
     130
     131
     127
     150
     132
     138
     129
     154
     157
     148
     145
     133
     134
     141
     140
     136
     139
     151
     159
     148
     135
     135
     132
     129
     110
     130
     147
     151
     142
     148
     136
     133
     140
     122
     139
     128
     128
     138
     121
     151
     121
     122
     116
     134
     138
     118
     130
     135
     165
     149
     147
     147
     126
     128
     123
     148
     141
     145
     148
     119
     126
     136
     130
     140
     126
     142
     122
     148
     130
     136
     124
     143
     125
     136
     150
     155
     113
     140
     139
     136
     143
     142
     143
     146
     143
     147
     147
     140
     141
     137
     141
     155
     168
     132
     154
     139
     137
     150
     151
     140
     154
     135
     165
     166
     170
     146
     147
     158
     142
     140
     128
     154
     148
     150
     144
     144
     164
     161
     160
     159
     146
     147
     148
     146
     139
     126
     151
     134
     137
     125
     148
     138
     121
     149
     118
     139
     148
     136
     135
     151
     147
     145
     120
     140
     148
     137
     129
     128
     145
     123
     131
     135
     133
     127
     134
     132
     137
     149
     139
     136
     118
     140
     134
     128
     141
     112
     144
     131
     145
     135
     109
     148
     145
     144
     136
     109
     139
     145
     128
     138
     136
     139
     117
     117
     129
     137
     122
     125
     109
     123
      98
     125
     144
     118
     124
     116
     111
     109
     124
     111
     147
     130
     135
     119
     114
     120
     143
     133
     131
     138
     141
     110
     149
     143
     114
     133
     114
     137
     153
     110
     133
     133
     121
     111
     127
     116
     126
     136
     110
     118
     129
     137
     142
     126
     137
     145
     160
     115
     123
     141
     135
     116
     121
     110
     125
     138
     119
     121
     115
     132
     127
     106
     132
     147
     146
     117
     131
     142
     129
     117
     141
     128
     125
     131
     150
     145
     121
     137
     143
     126
     129
     127
     138
     139
     116
     127
     140
     128
     126
     120
     116
     127
     144
     138
     128
     138
     150
     136
     127
     122
     150
     123
     123
     137
     126
     151
     135
     116
     129
     126
     142
     145
     129
     120
     152
     121
     132
     123
     127
     140
     134
     122
     118
     128
     127
     136
     130
     113
     139
     128
     145
     146
     145
     136
     122
     151
     130
     140
     129
     149
     146
     117
     133
     122
     129
     145
     151
     114
     122
     140
     134
     159
     123
     143
     141
     112
     123
     113
     128
     136
     125
     152
     158
     150
     120
     138
     133
     143
     138
     130
     152
     134
     141
     152
     135
     129
     153
     139
     150
     151
     152
     131
     146
     135
     159
     141
     133
     124
     136
     166
     149
     149
     137
     144
     139
     127
     154
     167
     143
     142
     141
     145
     147
     135
     143
     140
     139
     144
     149
     149
     142
     134
     135
     145
     143
     154
     159
     136
     147
     155
     166
     136
     169
     138
     157
     141
     150
     133
     147
     160
     125
     143
     138
     118
     129
     119
     131
     125
     143
     139
     127
     153
     143
     142
     134
     137
     128
     111
     125
     121
     133
     129
     122
     127
     113
     126
     117
     119
     120
     112
     123
     130
     120
     134
     113
     119
     133
     124
     113
      92
     141
     130
     109
     104
     135
     110
     109
     109
     110
     105
     100
      85
     107
      95
     126
     107
     102
     115
      95
     113
     111
     103
     108
      96
     104
      95
     103
     117
      97
      95
      78
     117
      90
     122
      99
      99
     115
      86
     112
      93
     113
     121
     109
     109
      94
      98
     121
     101
     118
     107
     104
      91
     106
      90
     102
      97
      94
     104
     110
      85
      95
      90
     106
     119
      94
      93
      89
     106
      90
      88
     108
      89
      87
     110
     108
     123
     105
     109
     104
     100
     104
     109
     121
      86
     114
     112
     111
     102
      98
     103
     105
     106
      98
     110
     104
     119
     118
     106
     108
     115
     111
      88
     102
     110
     127
      76
     111
     104
     107
     109
     105
     107
      95
     114
      99
     102
      97
     115
     122
      92
     101
     120
      94
     113
     102
     116
     117
     120
     119
      90
      97
     104
     107
     120
     103
     121
     102
     113
      99
      95
     100
     117
     111
     142
     125
     126
     125
     144
     130
     119
     120
     134
     136
     122
     154
     167
     163
     162
     172
     152
     173
     175
     195
     204
     210
     208
     242
     218
     248
     264
     237
     291
     272
     260
     349
     312
     362
     395
     366
     380
     418
     384
     445
     468
     452
     479
     499
     508
     532
     524
     484
     561
     603
     588
     589
     623
     605
     599
     645
     621
     669
     644
     659
     641
     673
     667
     668
     698
     672
     673
     675
     677
     579
     616
     617
     603
     610
     584
     583
     566
     569
     540
     500
     502
     475
     512
     448
     437
     396
     405
     381
     370
     348
     322
     310
     293
     275
     273
     275
     232
     254
     222
     180
     204
     176
     182
     164
     158
     138
     122
     131
     125
     111
      87
      96
      81
      82
      59
      72
      68
      55
      56
      59
      51
      50
      53
      50
      39
      54
      47
      56
      36
      33
      41
      42
      41
      37
      23
      30
      32
      26
      32
      32
      22
      26
      27
      34
      26
      29
      32
      34
      32
      28
      29
      28
      27
      36
      23
      34
      30
      30
      22
      29
      31
      29
      32
      23
      29
      31
      28
      32
      29
      33
      33
      23
      31
      30
      31
      33
      26
      28
      29
      30
      34
      38
      32
      26
      38
      27
      38
      36
      25
      31
      36
      27
      26
      26
      34
      27
      30
      32
      46
      29
      30
      39
      37
      22
      39
      28
      40
      35
      41
      27
      30
      37
      27
      26
      38
      32
      28
      26
      25
      28
      32
      27
      33
      30
      27
      28
      28
      38
      33
      35
      32
      35
      38
      36
      31
      33
      30
      40
      32
      36
      35
      34
      36
      29
      36
      34
      35
      31
      37
      31
      32
      25
      32
      26
      29
      36
      28
      32
      36
      32
      36
      27
      35
      28
      28
      25
      31
      23
      42
      14
      30
      28
      38
      31
      34
      41
      43
      34
      35
      32
      20
      27
      39
      30
      27
      24
      18
      34
      25
      32
      25
      32
      35
      36
      31
      23
      42
      37
      26
      35
      40
      37
      38
      31
      34
      33
      29
      27
      29
      33
      33
      35
      32
      22
      38
      28
      36
      30
      27
      26
      27
      25
      34
      38
      41
      34
      25
      29
      30
      24
      30
      34
      41
      30
      22
      46
      33
      32
      39
      28
      32
      34
      20
      43
      25
      25
      24
      29
      35
      24
      33
      45
      26
      29
      34
      33
      35
      36
      28
      25
      23
      25
      35
      42
      39
      21
      26
      38
      27
      33
      30
      28
      38
      31
      33
      40
      36
      34
      21
      24
      32
      16
      25
      19
      29
      42
      30
      25
      25
      29
      36
      23
      21
      16
      23
      22
      33
      28
      20
      24
      27
      22
      20
      30
      30
      25
      19
      28
      22
      28
      25
      32
      32
      27
      19
      18
      26
      17
      28
      24
      29
      22
      18
      16
      29
      20
      31
      28
      25
      26
      22
      20
      15
      17
      21
      28
      23
      20
      24
      25
      16
      23
      21
      18
      26
      33
      19
      27
      21
      26
      29
      33
      27
      24
      22
      21
      27
      31
      20
      26
      27
      24
      18
      22
      18
      25
      19
      27
      16
      20
      30
      25
      26
      24
      27
      25
      30
      18
      36
      33
      22
      21
      20
      14
      20
      27
      17
      26
      15
      24
      21
      18
      12
      21
      16
      17
      15
      18
      24
      20
      19
      16
      20
      27
      21
      17
      18
      26
      29
      23
      16
      21
      18
      24
      26
      28
      21
      13
      18
      23
      29
      17
      20
      20
      24
      22
      18
      24
      21
      15
      21
      14
      26
      22
      18
      16
      19
      29
      19
      17
      25
      22
      16
      11
      24
      14
      16
      28
      20
      18
      25
      21
      17
      16
       9
      17
      18
      22
      22
      21
      14
      12
      22
      16
      18
      18
      23
      15
      16
      26
      19
      17
      24
      22
      26
      27
      16
      26
      13
      22
      29
      25
      20
      21
      20
      24
      28
      37
      21
      32
      21
      28
      30
      26
      26
      28
      25
      25
      37
      30
      27
      42
      30
      47
      42
      35
      54
      57
      42
      57
      39
      46
      45
      48
      51
      47
      51
      47
      55
      44
      59
      58
      74
      70
      54
      69
      49
      57
      58
      53
      76
      77
      74
      74
      84
      77
      72
      55
      70
      80
      76
      67
      73
      91
      79
      71
      85
      69
      69
      74
      70
      82
      76
      76
      74
      81
      80
      71
      64
      76
      71
      79
      62
      81
      72
      55
      60
      60
      77
      73
      68
      59
      62
      51
      52
      55
      65
      49
      49
      30
      46
      55
      54
      32
      51
      44
      40
      38
      37
      37
      31
      45
      31
      43
      40
      33
      32
      23
      19
      29
      28
      24
      23
      25
      19
      16
      25
      22
      25
      15
      16
      10
      15
      13
      12
      10
       9
      13
       9
      11
      14
      10
      10
      13
      14
      13
      14
      12
       9
      11
      13
       9
       6
       8
      13
       8
      10
       6
       3
      11
      10
       6
       7
      13
      14
       8
      11
      16
      10
      12
      11
      13
      12
       9
      10
      12
      10
      12
      10
       7
       7
      12
      11
      13
      15
      22
      10
      12
      23
      15
      18
      15
      24
      16
      10
      17
      26
      23
      23
      30
      24
      24
      17
      39
      21
      36
      30
      38
      37
      49
      34
      34
      40
      37
      44
      35
      46
      34
      38
      37
      32
      51
      48
      42
      44
      48
      57
      66
      61
      60
      53
      46
      57
      54
      64
      65
      75
      48
      62
      61
      66
      58
      62
      70
      57
      60
      66
      74
      52
      70
      74
      65
      76
      76
      68
      79
      75
      61
      57
      58
      69
      80
      67
      71
      60
      61
      56
      53
      65
      65
      54
      68
      35
      52
      48
      54
      58
      38
      40
      51
      56
      46
      42
      29
      46
      49
      38
      37
      33
      32
      28
      31
      31
      25
      32
      32
      22
      22
      22
      12
      22
      22
      27
      17
      14
      22
      19
       9
      19
       8
      15
      16
       8
      15
      10
       8
      14
       5
      20
      10
       6
       7
       3
       9
       5
       7
       7
       9
       3
       5
       5
       3
       8
       1
       8
       4
       8
       4
       1
       3
       1
       3
       2
       2
       0
       2
       2
       3
       4
       6
       3
       1
       2
       1
       4
       1
       2
       2
       2
       5
       1
       5
       1
       6
       3
       2
       3
       4
       1
       0
       1
       0
       3
       5
       2
       3
       2
       1
       2
       5
       3
       2
       1
       3
       2
       4
       1
       4
       4
       1
       4
       1
       0
       2
       2
       2
       1
       3
       5
       4
       0
       2
       4
       0
       0
       2
       2
       4
       1
       2
       2
       1
       5
       3
       2
       0
       3
       3
       1
       1
       3
       2
       6
       2
       2
       1
       2
       0
       1
       3
       1
       1
       1
       2
       2
       1
       4
       2
       3
       2
       0
       4
       0
       1
       1
       1
       2
       2
       0
       0
       1
       0
       1
       1
       0
       1
       1
       3
       3
       0
       2
       1
       0
       2
       0
       0
       0
       0
       0
       1
       0
       0
       2
       1
       2
       0
       0
       1
       1
       0
       1
       1
       0
       1
       3
       2
       1
       0
       1
       3
       2
       1
       0
       1
       2
       0
       1
       1
       1
       2
       1
       0
       2
       1
       0
       0
       0
       3
       1
       1
       0
       0
       1
       0
       1
       1
       2
       1
       1
       0
       1
       0
       1
       0
       0
       4
       1
       1
       2
       2
       0
       0
       0
       0
       1
       0
       2
       0
       2
       0
       1
       0
       1
       0
       1
       0
       2
       0
       0
       1
       0
       3
       0
       0
       2
       0
       0
       0
       0
       0
       2
       1
       1
       0
       1
       2
       1
       1
       0
       1
       1
       3
       0
       1
       1
       1
       2
       0
       1
       3
       2
       0
       0
       0
       1
       1
       0
       0
       2
       1
       0
       0
       1
       1
       2
       0
       0
       0
       1
       1
       0
       0
       0
       1
       1
       0
       1
       0
       1
       0
       0
       0
       1
       0
       0
       1
       2
       1
       1
       0
       0
       0
       2
       0
       0
       1
       1
       2
       0
       0
       0
       1
       1
       1
       1
       1
       0
       0
       0
       0
       1
       0
       1
       0
       1
       1
       0
       2
       0
       1
       0
       0
       0
       0
       2
       0
       1
       0
       1
       0
       0
       0
       0
       0
       1
       1
       0
       0
       0
       0
       0
       1
       1
       1
       1
       2
       0
       0
       0
       0
       1
       1
       1
       0
       0
       0
       0
       2
       0
       1
       0
       0
       0
       1
       0
       1
       0
       1
       0
       0
       2
       2
       2
       0
       0
       0
       0
       0
       0
       0
       0
       0
       0
       0
       0
       0
       0
       0
       0
       0
       0
       0
       0
       0
       0
       0
       0
       0
       0
       0
       0
       0
       0
       0
       0
$ROI:
2
717 861
1457 1650
$PRESETS:
Live Time
60
0
$ENER_FIT:
-42.304211 0.890313
$MCA_CAL:
3
-4.230421E+001 8.903126E-001 0.000000E+000 keV
$SHAPE_CAL:
3
1.082589E+001 4.299253E-002 0.000000E+000
