$SPEC_ID:
No sample description was entered.
$SPEC_REM:
DET# 1
DETDESC# W8481118 Model 928 SN 14338160
AP# Maestro Version 7.01
$DATE_MEA:
04/20/2023 15:35:26
$MEAS_TIM:
60 61
$DATA:
0 2047
       0
       0
       0
       0
       0
       0
       0
       0
       0
       0
       0
       0
       0
       0
       0
      46
     150
     102
     102
     102
     114
     105
     118
     119
     112
     105
     123
     109
      94
     118
     122
     117
     128
     129
     113
     128
     115
     119
     121
     154
     118
     138
     130
     110
     112
     138
     121
     112
     126
     128
     108
     107
     135
     127
     149
     166
     154
     142
     142
     152
     158
     155
     160
     143
     153
     133
     135
     120
     138
     143
     141
     135
     122
     124
     131
     135
     127
     141
     150
     117
     152
     154
     161
     150
     160
     167
     164
     163
     166
     186
     195
     203
     195
     227
     253
     259
     266
     286
     306
     304
     280
     311
     298
     292
     260
     230
     246
     213
     254
     214
     222
     224
     259
     257
     222
     219
     211
     199
     204
     190
     173
     189
     178
     158
     165
     159
     178
     169
     170
     150
     172
     150
     155
     154
     149
     147
     168
     145
     156
     160
     151
     144
     170
     159
     155
     178
     135
     158
     162
     170
     164
     158
     169
     120
     151
     165
     160
     132
     145
     158
     160
     133
     188
     165
     137
     150
     145
     163
     151
     170
     152
     145
     168
     148
     158
     132
     129
     153
     168
     155
     153
     156
     150
     159
     145
     143
     143
     170
     145
     166
     134
     159
     155
     162
     162
     149
     161
     159
     140
     149
     145
     183
     133
     140
     147
     157
     155
     149
     159
     146
     141
     168
     167
     161
     138
     161
     150
     160
     168
     143
     162
     141
     162
     145
     150
     183
     162
     198
     160
     144
     170
     159
     160
     191
     182
     164
     188
     177
     198
     182
     164
     159
     152
     167
     161
     179
     181
     154
     156
     167
     167
     164
     132
     172
     151
     149
     170
     143
     162
     175
     149
     168
     152
     177
     151
     144
     142
     146
     152
     173
     182
     156
     154
     151
     171
     159
     144
     152
     140
     153
     140
     141
     192
     163
     132
     155
     153
     143
     152
     157
     144
     158
     152
     144
     148
     144
     138
     149
     158
     148
     154
     148
     153
     172
     144
     155
     149
     125
     157
     143
     157
     164
     142
     134
     141
     155
     145
     151
     204
     140
     133
     142
     142
     144
     136
     140
     145
     135
     142
     140
     146
     147
     169
     158
     145
     119
     144
     128
     149
     133
     165
     148
     164
     138
     140
     148
     159
     150
     149
     146
     131
     153
     161
     161
     145
     147
     144
     138
     153
     154
     117
     134
     134
     153
     150
     174
     149
     150
     167
     142
     153
     137
     148
     164
     145
     133
     144
     159
     167
     168
     149
     146
     137
     143
     137
     160
     173
     161
     163
     129
     158
     156
     177
     157
     151
     133
     164
     149
     179
     151
     195
     145
     134
     161
     149
     153
     133
     137
     151
     144
     151
     159
     142
     183
     147
     171
     155
     157
     123
     153
     166
     183
     145
     159
     148
     157
     169
     167
     159
     143
     182
     159
     159
     130
     178
     169
     153
     151
     143
     149
     156
     167
     133
     155
     153
     150
     156
     132
     177
     174
     157
     142
     169
     135
     180
     163
     162
     159
     162
     167
     175
     150
     118
     159
     144
     165
     149
     161
     158
     173
     140
     167
     161
     175
     165
     159
     141
     166
     139
     173
     139
     131
     158
     129
     146
     153
     150
     150
     145
     190
     127
     156
     169
     172
     174
     157
     159
     169
     152
     160
     178
     181
     144
     173
     168
     178
     188
     159
     183
     157
     171
     153
     159
     170
     167
     176
     167
     162
     162
     167
     148
     174
     162
     186
     153
     185
     141
     157
     172
     170
     188
     162
     163
     175
     146
     170
     169
     169
     160
     162
     138
     163
     187
     177
     166
     149
     154
     158
     146
     139
     139
     146
     155
     129
     167
     172
     155
     144
     151
     126
     150
     166
     139
     159
     135
     135
     134
     141
     164
     145
     141
     134
     142
     136
     146
     141
     117
     134
     146
     146
     118
     142
     139
     123
     121
     138
     131
     126
     139
     123
     124
     126
     140
     137
     123
     130
     144
     132
     134
     139
     124
     120
     127
     125
     121
     133
     117
     120
     141
     132
     106
      95
     111
     125
     101
     125
     120
     109
     108
     124
     136
     126
     116
     132
     131
     110
     111
     114
     112
     114
     110
     117
     124
     110
     120
     103
     118
     129
     114
     103
     118
     131
     134
     104
     114
     117
     109
      98
     110
     109
      99
     123
     108
      92
     119
     120
     108
     109
     110
     127
     119
     116
     123
     112
     114
      99
     115
     130
     119
     110
     120
     105
     114
     100
     103
     116
     103
     116
      99
     100
     122
     122
     125
     126
     136
     122
     119
     117
     116
     119
     117
     114
     104
     114
     116
     123
     120
     113
     106
     102
     112
     117
     129
     102
      98
     101
     111
     112
     123
     128
     120
     117
     103
     112
     108
     102
     114
     110
     117
     110
     125
     119
     114
     133
     113
     115
     119
     124
     129
     127
     130
     132
     140
     145
     156
     148
     147
     158
     133
     159
     146
     151
     177
     160
     176
     173
     168
     188
     200
     223
     219
     227
     211
     263
     234
     264
     282
     286
     287
     301
     345
     329
     330
     370
     402
     378
     387
     484
     470
     479
     496
     501
     475
     510
     564
     580
     581
     651
     648
     671
     647
     638
     660
     685
     744
     733
     770
     769
     780
     823
     792
     766
     785
     842
     791
     784
     802
     823
     781
     785
     787
     780
     784
     765
     749
     756
     762
     769
     696
     736
     688
     654
     660
     630
     551
     601
     590
     552
     556
     492
     456
     462
     477
     381
     409
     381
     368
     337
     303
     300
     275
     281
     217
     226
     235
     183
     191
     162
     170
     152
     151
     143
     124
     120
     118
     106
      95
      99
      89
      77
      84
      67
      78
      60
      70
      66
      55
      41
      58
      48
      45
      51
      47
      40
      47
      51
      26
      33
      44
      35
      47
      34
      46
      35
      32
      38
      43
      23
      36
      34
      43
      32
      27
      36
      33
      32
      35
      36
      44
      52
      36
      40
      31
      45
      26
      31
      34
      30
      30
      33
      24
      25
      34
      25
      37
      39
      43
      49
      35
      40
      39
      36
      28
      37
      35
      33
      27
      37
      27
      33
      42
      39
      36
      26
      24
      22
      39
      33
      42
      36
      38
      33
      30
      40
      26
      28
      34
      37
      33
      29
      34
      40
      32
      37
      35
      40
      43
      34
      35
      42
      28
      35
      34
      29
      30
      44
      29
      33
      36
      27
      37
      40
      29
      41
      40
      31
      31
      30
      35
      33
      45
      27
      44
      33
      21
      28
      31
      33
      37
      35
      29
      34
      27
      28
      36
      38
      34
      31
      22
      34
      25
      46
      44
      28
      45
      33
      37
      32
      30
      41
      40
      33
      35
      43
      41
      37
      27
      26
      47
      30
      33
      31
      39
      29
      33
      35
      33
      31
      39
      35
      23
      43
      37
      37
      38
      35
      30
      41
      43
      30
      43
      39
      22
      39
      29
      39
      32
      31
      41
      30
      37
      32
      30
      33
      34
      25
      27
      38
      31
      42
      34
      17
      21
      37
      32
      26
      29
      25
      38
      36
      33
      26
      25
      36
      38
      32
      31
      29
      32
      32
      31
      34
      29
      22
      41
      29
      40
      31
      25
      41
      32
      29
      53
      35
      21
      43
      34
      41
      47
      28
      43
      36
      31
      25
      39
      40
      35
      33
      33
      39
      24
      33
      31
      28
      30
      22
      35
      37
      33
      29
      30
      24
      37
      32
      31
      29
      34
      34
      26
      36
      34
      39
      32
      26
      24
      31
      33
      18
      26
      31
      40
      29
      30
      25
      31
      23
      34
      23
      31
      34
      28
      24
      21
      28
      28
      30
      23
      28
      28
      32
      24
      23
      22
      31
      33
      26
      28
      26
      28
      28
      31
      31
      31
      32
      20
      35
      26
      25
      23
      22
      29
      23
      24
      18
      23
      24
      22
      27
      28
      25
      22
      32
      19
      33
      25
      33
      22
      32
      31
      21
      18
      36
      22
      22
      20
      21
      27
      25
      20
      21
      16
      28
      23
      19
      22
      17
      28
      23
      33
      18
      17
      21
      32
      24
      14
      24
      23
      30
      26
      21
      28
      26
      14
      26
      18
      24
      15
      23
      22
      25
      18
      22
      14
      28
      25
      24
      22
      23
      19
      30
      22
      19
      23
      23
      21
      19
      15
      23
      21
      29
      17
      24
      19
      30
      26
      32
      22
      28
      27
      24
      19
      19
      12
      18
      23
      29
      28
      28
      20
      16
      17
      17
      23
      14
      25
      25
      20
      27
      25
      21
      25
      30
      23
      22
      30
      19
      20
      27
      22
      25
      17
      25
      23
      18
      17
      23
      21
      22
      20
      17
      19
      22
      21
      25
      19
      26
      21
      22
      27
      28
      22
      23
      30
      27
      24
      24
      18
      25
      31
      28
      17
      20
      26
      25
      19
      33
      35
      23
      40
      32
      34
      40
      38
      46
      39
      31
      55
      50
      33
      48
      42
      35
      48
      49
      63
      49
      42
      60
      59
      57
      71
      50
      71
      81
      80
      60
      77
      83
      80
      63
      73
      56
      74
      85
      92
      95
      69
      75
      86
      79
      81
      70
      92
      92
      85
      86
      87
      95
      93
      90
      82
      95
      83
      92
      91
      94
      89
      82
     101
      85
      92
      82
      88
      79
      85
      78
     101
      87
      95
      81
      73
      60
      73
      74
      60
      68
      75
      78
      57
      70
      69
      68
      74
      44
      65
      62
      45
      38
      41
      43
      41
      42
      46
      44
      38
      37
      37
      35
      38
      27
      27
      26
      26
      26
      30
      19
      26
      24
      21
      28
      25
      26
      14
      15
      18
      20
      22
      24
      17
       9
      10
      14
      10
      14
       9
      15
      14
       9
       7
       8
      13
       7
      11
       8
      13
      17
       7
      10
      10
      11
       4
       6
      10
       8
       9
       8
      11
      14
       8
      11
       6
       9
      13
      12
      12
      15
      10
      11
      10
      10
      15
      21
      11
      17
      18
      14
      15
      14
      17
      22
      23
      18
      24
      21
      32
      25
      24
      24
      22
      24
      28
      22
      27
      32
      25
      26
      32
      37
      37
      29
      34
      43
      38
      30
      42
      53
      33
      48
      50
      51
      55
      37
      55
      65
      54
      48
      46
      50
      45
      59
      52
      55
      76
      78
      64
      59
      67
      62
      63
      76
      77
      69
      75
      70
      79
      78
      71
      65
      80
      77
      64
      85
      97
      71
      54
      67
      73
      63
      61
      68
      76
      72
      75
      68
      72
      57
      63
      67
      58
      66
      64
      64
      60
      58
      66
      62
      54
      56
      57
      52
      62
      52
      46
      45
      64
      61
      35
      47
      49
      41
      47
      46
      32
      32
      37
      26
      35
      34
      34
      38
      18
      37
      27
      16
      30
      12
      19
      18
      25
      14
      22
      19
      20
       8
      17
      12
      10
      12
      15
       9
      10
       7
      16
       5
       6
      11
       4
       7
       5
      10
       8
       7
       4
       3
       1
      10
       7
       5
       4
       2
       6
       4
       2
       2
       2
       2
       3
       2
       6
       0
       4
       3
       2
       2
       5
       4
       3
       2
       2
       1
       2
       4
       3
       3
       3
       3
       1
       2
       1
       1
       1
       3
       0
       1
       2
       0
       0
       2
       2
       4
       1
       4
       1
       5
       2
       6
       0
       4
       1
       1
       3
       1
       0
       2
       0
       3
       2
       2
       4
       1
       4
       3
       5
       1
       2
       3
       5
       2
       1
       3
       3
       0
       2
       4
       3
       1
       1
       1
       2
       0
       1
       2
       3
       2
       3
       1
       0
       1
       0
       0
       1
       0
       0
       1
       0
       0
       1
       1
       1
       1
       1
       2
       1
       0
       2
       0
       2
       0
       1
       4
       1
       2
       2
       2
       0
       5
       2
       0
       0
       0
       0
       1
       2
       2
       1
       2
       1
       0
       3
       0
       1
       1
       1
       2
       1
       2
       5
       1
       2
       0
       3
       2
       1
       1
       2
       1
       2
       1
       1
       1
       0
       0
       0
       1
       2
       1
       1
       1
       2
       3
       0
       1
       1
       3
       1
       1
       4
       0
       1
       2
       1
       0
       2
       1
       2
       2
       2
       1
       3
       1
       0
       0
       0
       0
       1
       0
       0
       0
       1
       0
       2
       0
       1
       3
       2
       2
       1
       0
       1
       0
       1
       0
       1
       2
       1
       0
       2
       2
       1
       1
       1
       0
       0
       1
       2
       0
       2
       0
       0
       0
       1
       2
       1
       1
       0
       1
       0
       3
       0
       1
       2
       3
       3
       0
       1
       2
       0
       1
       1
       3
       1
       1
       1
       0
       0
       1
       1
       1
       1
       3
       0
       2
       0
       0
       0
       2
       1
       1
       1
       2
       0
       0
       0
       2
       0
       0
       1
       1
       1
       1
       0
       2
       1
       0
       4
       0
       1
       0
       3
       0
       1
       1
       1
       1
       0
       0
       0
       0
       2
       0
       1
       1
       1
       0
       0
       1
       0
       0
       0
       1
       0
       0
       0
       0
       3
       0
       0
       0
       2
       1
       0
       3
       1
       0
       2
       2
       0
       0
       0
       1
       1
       1
       0
       0
       0
       2
       0
       0
       1
       2
       0
       2
       1
       0
       2
       1
       1
       1
       2
       4
       1
       0
       1
       1
       1
       0
       2
       0
       1
       0
       0
       1
       1
       0
       1
       1
       0
       0
       0
       0
       3
       0
       1
       2
       1
       0
       0
       0
       0
       0
       0
       0
       0
       0
       0
       0
       0
       0
       0
       0
       0
       0
       0
       0
       0
       0
       0
       0
       0
       0
       0
       0
       0
       0
       0
       0
       0
       0
$ROI:
2
717 861
1457 1650
$PRESETS:
Live Time
60
0
$ENER_FIT:
-42.304211 0.890313
$MCA_CAL:
3
-4.230421E+001 8.903126E-001 0.000000E+000 keV
$SHAPE_CAL:
3
1.082589E+001 4.299253E-002 0.000000E+000
