$SPEC_ID:
No sample description was entered.
$SPEC_REM:
DET# 1
DETDESC# W8481118 Model 928 SN 14338160
AP# Maestro Version 7.01
$DATE_MEA:
04/20/2023 15:21:23
$MEAS_TIM:
60 63
$DATA:
0 2047
       0
       0
       0
       0
       0
       0
       0
       0
       0
       0
       0
       0
       0
       0
       1
     975
    1312
    1055
     967
     847
     790
     662
     654
     543
     498
     464
     448
     389
     354
     316
     259
     273
     279
     256
     247
     249
     231
     237
     248
     214
     237
     226
     215
     233
     238
     250
     236
     261
     214
     261
     220
     249
     224
     260
     243
     246
     300
     264
     267
     261
     282
     315
     271
     260
     277
     221
     262
     225
     264
     245
     265
     270
     235
     262
     288
     260
     251
     248
     274
     261
     283
     250
     273
     298
     285
     304
     296
     311
     314
     317
     341
     388
     385
     413
     423
     481
     519
     547
     545
     575
     533
     564
     519
     513
     465
     431
     426
     407
     380
     380
     389
     381
     351
     372
     385
     397
     358
     337
     352
     279
     308
     304
     316
     297
     291
     247
     235
     266
     257
     257
     272
     286
     248
     273
     302
     259
     267
     271
     267
     245
     247
     246
     242
     242
     247
     263
     277
     235
     284
     243
     288
     277
     253
     271
     252
     273
     264
     268
     252
     241
     254
     244
     253
     246
     263
     255
     267
     270
     283
     259
     259
     249
     278
     262
     271
     262
     272
     271
     286
     284
     247
     249
     260
     253
     266
     248
     251
     286
     242
     239
     261
     271
     304
     274
     246
     270
     285
     279
     295
     255
     279
     258
     249
     245
     259
     269
     273
     272
     237
     265
     259
     271
     257
     230
     234
     257
     235
     270
     294
     278
     263
     263
     268
     296
     306
     275
     292
     275
     300
     261
     295
     288
     304
     268
     288
     324
     288
     264
     305
     288
     326
     311
     269
     316
     307
     326
     293
     296
     291
     287
     299
     310
     292
     268
     314
     309
     298
     254
     302
     305
     259
     259
     267
     271
     270
     290
     257
     281
     300
     267
     259
     272
     280
     291
     266
     277
     261
     287
     300
     259
     285
     277
     281
     314
     266
     296
     291
     280
     325
     266
     300
     285
     313
     301
     273
     255
     315
     306
     261
     282
     249
     291
     290
     264
     294
     292
     275
     304
     266
     270
     304
     302
     304
     305
     264
     302
     298
     270
     280
     290
     275
     324
     263
     265
     279
     281
     294
     311
     316
     304
     238
     260
     290
     281
     287
     289
     281
     271
     299
     277
     297
     268
     288
     264
     289
     275
     279
     306
     300
     269
     279
     318
     299
     286
     292
     315
     293
     300
     269
     273
     279
     324
     311
     283
     310
     273
     302
     298
     271
     281
     292
     305
     310
     277
     274
     278
     278
     311
     282
     297
     288
     256
     317
     266
     277
     287
     299
     287
     267
     311
     289
     293
     273
     263
     311
     293
     288
     288
     288
     307
     265
     289
     256
     288
     278
     307
     288
     299
     298
     282
     260
     282
     308
     289
     270
     266
     256
     262
     277
     290
     287
     310
     290
     305
     282
     293
     317
     280
     298
     277
     286
     286
     264
     315
     282
     260
     278
     284
     284
     289
     285
     301
     297
     339
     267
     257
     279
     321
     271
     262
     305
     306
     299
     287
     293
     281
     266
     305
     268
     292
     287
     313
     274
     281
     293
     281
     276
     305
     274
     282
     286
     271
     253
     255
     290
     290
     295
     271
     271
     313
     290
     283
     263
     290
     295
     268
     284
     254
     308
     280
     311
     310
     281
     277
     256
     288
     301
     287
     321
     262
     279
     311
     280
     331
     289
     274
     295
     301
     297
     289
     299
     279
     311
     298
     307
     295
     330
     302
     299
     272
     297
     299
     337
     294
     295
     314
     307
     305
     310
     269
     283
     277
     333
     330
     286
     294
     276
     302
     307
     314
     277
     322
     303
     291
     300
     286
     284
     289
     267
     297
     262
     280
     306
     261
     247
     256
     265
     275
     282
     250
     244
     273
     274
     230
     274
     234
     245
     227
     213
     220
     224
     243
     236
     214
     208
     197
     191
     221
     204
     218
     175
     202
     206
     204
     176
     202
     173
     208
     160
     183
     210
     192
     165
     187
     180
     183
     188
     175
     146
     192
     183
     164
     187
     162
     154
     165
     202
     180
     154
     183
     166
     145
     161
     173
     156
     160
     161
     185
     169
     169
     175
     163
     154
     169
     142
     158
     162
     167
     147
     161
     167
     164
     155
     161
     163
     161
     149
     146
     151
     155
     140
     134
     147
     137
     153
     140
     167
     141
     140
     157
     137
     148
     160
     138
     147
     138
     156
     131
     176
     152
     137
     140
     125
     139
     173
     137
     127
     139
     135
     132
     134
     117
     133
     134
     136
     150
     136
     135
     150
     126
     159
     138
     149
     120
     172
     135
     144
     127
     138
     134
     133
     120
     131
     124
     117
     150
     149
     145
     112
     118
     144
     134
     142
     129
     146
     114
     101
     141
     125
     123
     151
     149
     141
     146
     140
     149
     146
     146
     160
     147
     150
     169
     137
     172
     159
     159
     176
     154
     180
     181
     174
     173
     185
     205
     196
     189
     217
     202
     235
     232
     273
     278
     248
     273
     301
     344
     321
     337
     381
     360
     417
     421
     471
     495
     510
     510
     580
     576
     611
     702
     701
     711
     836
     829
     859
     914
     887
    1052
    1041
    1078
    1148
    1167
    1216
    1260
    1306
    1391
    1348
    1497
    1513
    1609
    1597
    1643
    1683
    1747
    1744
    1810
    1901
    1891
    1911
    1978
    1907
    2000
    1924
    1915
    1990
    2046
    1964
    1973
    1952
    1952
    1871
    1892
    1858
    1852
    1706
    1794
    1759
    1712
    1686
    1582
    1615
    1523
    1491
    1420
    1357
    1308
    1271
    1278
    1168
    1141
    1081
     982
     964
     887
     879
     802
     770
     732
     648
     622
     627
     552
     494
     476
     426
     419
     400
     317
     368
     279
     249
     258
     249
     209
     180
     182
     164
     142
     150
     133
     109
     122
     102
     114
      78
      72
      85
      75
      63
      88
      89
      52
      66
      67
      69
      53
      48
      56
      55
      42
      40
      52
      36
      50
      43
      49
      47
      59
      33
      54
      60
      49
      49
      51
      47
      48
      48
      46
      52
      61
      50
      49
      49
      50
      57
      53
      51
      61
      48
      41
      43
      47
      48
      44
      43
      49
      48
      48
      42
      47
      48
      56
      48
      56
      40
      60
      37
      48
      47
      51
      47
      51
      49
      47
      47
      52
      44
      60
      52
      50
      53
      46
      41
      49
      55
      49
      43
      45
      38
      49
      45
      43
      34
      56
      58
      58
      50
      52
      52
      39
      51
      43
      57
      54
      49
      53
      58
      44
      55
      43
      42
      53
      41
      60
      49
      42
      40
      58
      46
      74
      46
      69
      51
      39
      47
      56
      45
      52
      41
      48
      57
      51
      53
      61
      52
      43
      39
      54
      45
      37
      52
      45
      45
      57
      54
      56
      52
      51
      54
      48
      58
      44
      46
      56
      50
      42
      72
      50
      57
      46
      51
      51
      46
      45
      66
      52
      61
      62
      55
      39
      47
      49
      49
      55
      58
      39
      46
      32
      56
      79
      53
      67
      43
      48
      47
      51
      53
      60
      65
      55
      51
      46
      47
      52
      42
      32
      45
      48
      52
      48
      71
      50
      47
      37
      54
      67
      67
      47
      59
      46
      47
      51
      55
      36
      59
      42
      52
      44
      51
      53
      42
      51
      49
      46
      39
      55
      51
      42
      51
      37
      59
      52
      49
      48
      48
      57
      44
      52
      35
      43
      47
      51
      47
      48
      50
      56
      48
      55
      59
      41
      54
      55
      44
      45
      43
      49
      50
      48
      51
      38
      49
      53
      42
      40
      49
      49
      54
      44
      34
      43
      32
      38
      43
      38
      47
      52
      44
      40
      39
      40
      46
      31
      45
      39
      41
      38
      45
      44
      40
      34
      31
      32
      46
      30
      42
      37
      42
      56
      41
      51
      37
      39
      33
      28
      34
      31
      36
      45
      42
      30
      41
      37
      28
      42
      34
      43
      29
      32
      36
      26
      42
      32
      33
      31
      34
      42
      40
      42
      34
      42
      37
      28
      39
      22
      28
      31
      43
      40
      32
      29
      31
      31
      33
      42
      42
      28
      37
      33
      32
      26
      31
      39
      34
      30
      41
      32
      30
      38
      43
      31
      29
      21
      36
      23
      39
      33
      49
      33
      41
      27
      21
      30
      30
      29
      35
      29
      36
      28
      46
      28
      32
      40
      28
      37
      28
      30
      37
      29
      35
      35
      37
      32
      34
      28
      30
      23
      33
      36
      41
      20
      29
      43
      26
      30
      30
      36
      23
      35
      27
      26
      30
      28
      28
      20
      38
      37
      29
      23
      34
      30
      45
      34
      31
      40
      28
      15
      31
      23
      30
      43
      29
      32
      19
      27
      26
      29
      26
      26
      27
      31
      27
      23
      40
      19
      32
      30
      34
      26
      39
      32
      24
      32
      23
      32
      23
      32
      30
      30
      42
      31
      27
      43
      29
      35
      38
      34
      33
      38
      35
      59
      45
      47
      37
      46
      50
      43
      53
      43
      50
      48
      62
      50
      60
      67
      66
      84
      64
      71
      93
      86
      78
      77
      82
      77
      90
      98
      91
     101
     117
      91
     108
      89
      91
     115
     108
     126
     104
     137
     125
     131
     121
     120
     111
     115
     134
     145
     112
     109
     155
     150
     122
     140
     153
     156
     147
     146
     134
     137
     147
     124
     143
     129
     181
     146
     145
     157
     133
     138
     148
     149
     153
     135
     128
     127
     125
     120
     151
     123
     121
     134
     123
     120
     133
     114
     121
      96
     101
      96
      97
     100
      88
      79
      87
      71
      82
      84
      67
      68
      74
      73
      85
      54
      60
      60
      64
      44
      52
      43
      47
      50
      38
      44
      37
      28
      41
      39
      40
      38
      29
      31
      28
      30
      16
      18
      25
      26
      27
      24
      20
      23
      13
      24
      11
      15
      25
      17
      18
      12
      16
      15
      11
      11
      14
      18
      16
      11
       9
      14
      15
      10
      16
      16
      19
       9
      16
      11
       8
       6
      12
      29
      21
      15
      22
      13
      18
      14
      22
      25
      23
      17
      18
      29
      30
      19
      32
      26
      20
      28
      27
      22
      29
      42
      27
      34
      42
      40
      37
      44
      49
      41
      45
      51
      53
      49
      49
      57
      72
      57
      55
      59
      55
      72
      59
      78
      72
      84
      70
      82
      72
      80
      95
      84
      76
      77
     100
      99
     103
      99
     104
      97
     100
      98
     109
      97
     115
     122
      98
     109
     133
     130
     124
     118
     108
     145
     119
     115
     137
     125
     105
     127
     127
     108
     119
     133
     130
     131
     117
     111
     126
     115
     117
     133
     120
     105
     124
     106
     117
     118
      97
      88
      91
      90
     102
      79
      93
     105
      76
      87
      94
      91
      67
      76
      85
      79
      73
      65
      73
      50
      63
      66
      74
      54
      69
      44
      57
      47
      49
      44
      39
      49
      45
      32
      34
      50
      36
      28
      43
      42
      32
      34
      26
      27
      28
      19
      22
      17
      18
      21
      23
      18
      19
      18
       9
      21
      14
      10
      13
      12
      12
       6
       7
      12
      10
       9
      14
      11
      11
      13
       9
      11
       5
       3
       4
       7
       2
       5
       5
       7
       3
       4
       3
       3
       2
       3
       2
       2
       5
       6
       4
       6
       4
       5
       1
       4
       2
       3
       4
       3
       4
       6
       4
       0
       3
       3
       1
       6
       1
       3
       3
       5
       5
       2
       1
       5
       2
       2
       3
       3
       4
       4
       1
       2
       4
       4
       2
       3
       5
       3
       1
       7
       5
       3
       4
       2
       6
       5
       2
       5
       7
       4
       4
       4
       4
       1
       2
       4
       2
       1
       4
       2
       5
       5
       5
       3
       7
       4
       1
       3
       1
       2
       1
       5
       1
       2
       4
       0
       3
       1
       2
       2
       1
       8
       6
       3
       3
       1
       3
       3
       3
       5
       2
       5
       2
       1
       5
       1
       0
       2
       2
       0
       0
       2
       0
       2
       2
       1
       3
       2
       2
       2
       6
       1
       3
       2
       4
       5
       3
       3
       4
       2
       5
       1
       2
       2
       2
       1
       4
       7
       1
       0
       2
       2
       2
       0
       2
       4
       3
       1
       0
       2
       1
       3
       2
       2
       2
       1
       3
       1
       2
       2
       1
       2
       2
       1
       0
       2
       2
       2
       2
       3
       0
       2
       1
       2
       2
       4
       1
       2
       3
       1
       4
       0
       4
       3
       1
       0
       0
       4
       2
       4
       1
       2
       2
       5
       2
       2
       1
       3
       2
       2
       4
       4
       1
       3
       2
       2
       6
       4
       0
       0
       4
       6
       2
       0
       2
       0
       2
       1
       3
       1
       1
       1
       0
       4
       3
       2
       1
       3
       1
       0
       2
       1
       2
       1
       1
       3
       3
       3
       2
       2
       4
       1
       2
       3
       0
       3
       4
       0
       1
       2
       2
       1
       0
       1
       2
       2
       3
       1
       0
       2
       2
       1
       4
       5
       2
       4
       2
       0
       1
       2
       2
       1
       1
       3
       1
       2
       4
       0
       1
       0
       1
       1
       1
       0
       0
       0
       3
       0
       1
       1
       0
       0
       3
       4
       1
       1
       1
       1
       1
       0
       2
       1
       1
       3
       2
       1
       2
       2
       3
       2
       3
       1
       2
       1
       3
       1
       2
       3
       1
       3
       3
       1
       2
       1
       0
       0
       1
       2
       1
       2
       2
       3
       2
       1
       1
       3
       2
       2
       1
       4
       1
       2
       1
       4
       0
       4
       1
       2
       2
       0
       0
       1
       1
       2
       2
       2
       0
       0
       0
       0
       0
       0
       0
       0
       0
       0
       0
       0
       0
       0
       0
       0
       0
       0
       0
       0
       0
       0
       0
       0
       0
       0
       0
       0
       0
       0
       0
       0
$ROI:
2
717 861
1457 1650
$PRESETS:
Live Time
60
0
$ENER_FIT:
-42.304211 0.890313
$MCA_CAL:
3
-4.230421E+001 8.903126E-001 0.000000E+000 keV
$SHAPE_CAL:
3
1.082589E+001 4.299253E-002 0.000000E+000
