$SPEC_ID:
No sample description was entered.
$SPEC_REM:
DET# 1
DETDESC# W8481118 Model 928 SN 14338160
AP# Maestro Version 7.01
$DATE_MEA:
04/20/2023 15:28:44
$MEAS_TIM:
60 62
$DATA:
0 2047
       0
       0
       0
       0
       0
       0
       0
       0
       0
       0
       0
       0
       0
       0
       0
      69
     191
     140
     155
     144
     162
     149
     156
     156
     169
     168
     156
     157
     149
     166
     168
     154
     169
     149
     161
     161
     173
     157
     170
     167
     162
     173
     175
     149
     193
     147
     195
     194
     172
     184
     178
     179
     184
     160
     183
     194
     178
     195
     200
     213
     221
     189
     198
     234
     173
     200
     186
     186
     172
     180
     164
     189
     192
     199
     175
     204
     202
     211
     208
     190
     185
     189
     188
     200
     196
     238
     231
     228
     222
     226
     259
     251
     294
     316
     358
     334
     374
     381
     385
     405
     414
     417
     382
     371
     366
     337
     314
     326
     319
     296
     293
     299
     282
     320
     307
     280
     273
     273
     246
     246
     245
     234
     231
     228
     226
     200
     213
     236
     240
     199
     183
     188
     194
     201
     189
     188
     217
     204
     184
     193
     199
     196
     196
     198
     177
     194
     191
     213
     163
     211
     207
     213
     217
     197
     220
     230
     209
     209
     188
     219
     174
     190
     169
     213
     214
     197
     180
     206
     200
     230
     194
     181
     211
     186
     193
     194
     180
     186
     204
     213
     213
     195
     198
     207
     183
     210
     183
     209
     207
     174
     184
     192
     192
     196
     201
     213
     204
     206
     206
     213
     212
     212
     185
     211
     189
     183
     193
     201
     197
     200
     209
     201
     219
     235
     183
     221
     192
     225
     206
     222
     222
     218
     214
     222
     210
     229
     253
     232
     228
     232
     250
     217
     209
     244
     236
     228
     216
     220
     250
     225
     214
     255
     221
     216
     234
     239
     199
     218
     192
     239
     198
     230
     197
     250
     212
     190
     216
     223
     200
     210
     223
     239
     205
     181
     192
     207
     209
     204
     202
     204
     209
     173
     206
     202
     248
     212
     204
     191
     195
     221
     204
     208
     176
     197
     197
     221
     194
     215
     206
     211
     213
     209
     216
     171
     187
     206
     188
     202
     207
     204
     230
     227
     161
     188
     190
     201
     212
     203
     186
     202
     195
     197
     206
     190
     227
     162
     183
     222
     220
     225
     215
     211
     194
     200
     196
     207
     198
     190
     207
     200
     187
     188
     217
     206
     212
     205
     193
     228
     170
     205
     202
     230
     202
     206
     190
     197
     218
     227
     216
     200
     211
     201
     206
     216
     223
     188
     190
     208
     189
     200
     194
     206
     208
     233
     191
     227
     198
     204
     220
     214
     210
     195
     206
     221
     211
     218
     201
     207
     215
     230
     185
     212
     209
     234
     206
     205
     201
     224
     209
     215
     223
     225
     199
     242
     229
     216
     186
     206
     206
     231
     231
     199
     210
     199
     207
     213
     237
     196
     195
     208
     227
     233
     212
     192
     209
     191
     216
     221
     211
     237
     214
     221
     227
     215
     220
     224
     193
     212
     211
     225
     198
     209
     233
     213
     195
     216
     250
     217
     212
     232
     214
     193
     217
     230
     220
     204
     218
     216
     244
     219
     210
     204
     220
     227
     221
     215
     185
     218
     250
     222
     177
     207
     214
     227
     212
     208
     213
     218
     202
     200
     223
     199
     211
     245
     221
     206
     244
     212
     200
     204
     210
     226
     204
     201
     237
     227
     229
     204
     206
     216
     203
     188
     199
     208
     223
     200
     240
     216
     222
     206
     224
     237
     240
     223
     236
     212
     221
     217
     225
     245
     218
     251
     245
     207
     245
     244
     227
     236
     226
     227
     262
     241
     241
     231
     217
     273
     229
     260
     239
     208
     258
     229
     239
     217
     229
     227
     204
     245
     228
     212
     244
     236
     225
     246
     217
     239
     227
     232
     226
     222
     224
     230
     224
     230
     203
     206
     210
     179
     196
     200
     194
     199
     173
     189
     184
     199
     190
     182
     209
     186
     194
     185
     188
     186
     195
     197
     171
     171
     168
     188
     165
     172
     156
     159
     153
     161
     155
     167
     145
     163
     160
     162
     148
     175
     148
     152
     157
     153
     159
     166
     142
     167
     163
     138
     174
     154
     126
     167
     126
     174
     131
     164
     130
     156
     150
     147
     121
     138
     124
     150
     138
     152
     134
     149
     146
     147
     154
     176
     147
     153
     145
     111
     184
     142
     137
     135
     145
     143
     144
     147
     122
     122
     149
     130
     122
     143
     141
     132
     114
     144
     139
     124
     143
     125
     147
     138
     135
     129
     122
     133
     119
     138
     136
     140
     142
     117
     117
     142
     129
     145
     126
     118
     142
     134
     119
     132
     145
     112
     131
     127
     129
     126
     122
     127
     104
     134
     124
     130
     145
     119
     113
     132
     144
     152
     113
     141
     123
     144
     120
     135
     119
     141
     129
     124
     138
     139
     137
     121
     129
     143
     145
     145
     142
     128
     120
     126
     145
     160
     131
     119
     123
     155
     134
     126
     142
     151
     125
     160
     134
     183
     154
     163
     168
     161
     155
     189
     183
     164
     177
     195
     178
     200
     229
     222
     238
     233
     255
     268
     253
     263
     294
     312
     347
     358
     376
     396
     409
     414
     450
     414
     454
     479
     523
     583
     559
     584
     628
     650
     737
     735
     733
     814
     811
     899
     814
     894
     935
     971
    1006
     996
    1016
    1062
    1065
    1075
    1117
    1178
    1167
    1207
    1178
    1160
    1241
    1260
    1301
    1249
    1267
    1283
    1387
    1273
    1237
    1301
    1272
    1246
    1285
    1208
    1212
    1125
    1131
    1086
    1062
    1068
    1088
    1028
     991
     928
     875
     864
     782
     751
     767
     764
     746
     691
     647
     627
     599
     548
     513
     493
     452
     462
     400
     377
     358
     338
     297
     272
     258
     260
     237
     198
     199
     176
     168
     163
     122
     127
     131
      89
     108
     133
     106
      75
      75
      73
      87
      62
      71
      61
      54
      46
      69
      58
      53
      48
      43
      47
      48
      49
      50
      44
      44
      35
      45
      51
      46
      45
      51
      46
      39
      51
      42
      38
      47
      55
      34
      49
      57
      39
      51
      46
      41
      43
      38
      41
      40
      30
      45
      38
      45
      35
      37
      44
      41
      39
      38
      47
      38
      47
      41
      40
      33
      45
      48
      43
      42
      46
      44
      35
      42
      45
      38
      46
      38
      41
      35
      38
      42
      44
      37
      43
      41
      36
      42
      39
      44
      40
      42
      34
      40
      37
      36
      39
      36
      42
      45
      38
      40
      43
      36
      32
      48
      38
      29
      43
      53
      42
      31
      37
      38
      46
      46
      43
      46
      47
      32
      41
      37
      54
      48
      44
      33
      34
      42
      42
      38
      35
      43
      44
      40
      40
      42
      41
      42
      38
      41
      50
      42
      40
      43
      44
      39
      30
      43
      54
      42
      44
      39
      33
      34
      46
      57
      37
      40
      52
      40
      49
      33
      30
      34
      36
      55
      39
      34
      39
      46
      30
      43
      41
      50
      44
      44
      35
      33
      34
      41
      36
      38
      41
      36
      51
      42
      30
      33
      42
      43
      34
      59
      47
      45
      36
      36
      37
      33
      33
      56
      40
      44
      47
      41
      40
      52
      52
      56
      40
      40
      34
      39
      29
      42
      34
      45
      47
      39
      50
      53
      39
      52
      38
      61
      34
      37
      38
      44
      42
      41
      32
      36
      25
      50
      47
      42
      46
      39
      33
      42
      36
      34
      48
      57
      42
      45
      40
      39
      31
      41
      53
      32
      39
      41
      44
      38
      33
      36
      48
      35
      35
      43
      39
      45
      59
      36
      44
      37
      23
      42
      38
      45
      30
      33
      33
      39
      33
      26
      33
      41
      31
      30
      35
      43
      31
      41
      23
      29
      35
      36
      32
      29
      39
      35
      33
      33
      27
      38
      35
      37
      23
      37
      36
      30
      27
      29
      39
      37
      36
      33
      28
      37
      29
      29
      30
      32
      30
      24
      38
      46
      31
      36
      34
      24
      20
      28
      28
      30
      38
      28
      40
      29
      25
      34
      28
      22
      36
      31
      30
      29
      29
      40
      29
      29
      35
      34
      39
      22
      27
      33
      26
      23
      37
      21
      27
      21
      26
      32
      28
      35
      21
      28
      22
      25
      36
      24
      23
      33
      27
      28
      39
      28
      21
      16
      29
      32
      26
      37
      25
      30
      24
      18
      30
      23
      30
      19
      27
      19
      27
      28
      33
      28
      28
      17
      30
      24
      28
      27
      26
      24
      25
      41
      23
      27
      29
      24
      30
      17
      27
      27
      20
      38
      28
      35
      22
      20
      22
      28
      28
      28
      25
      20
      29
      28
      16
      25
      26
      24
      26
      29
      21
      26
      30
      27
      23
      31
      20
      27
      26
      19
      22
      25
      22
      33
      23
      29
      27
      31
      22
      21
      29
      30
      19
      24
      25
      28
      22
      20
      29
      37
      22
      29
      17
      27
      26
      25
      33
      29
      23
      18
      31
      34
      30
      37
      41
      28
      40
      39
      37
      37
      34
      36
      46
      36
      50
      47
      33
      36
      47
      59
      56
      48
      70
      53
      61
      64
      70
      59
      60
      66
      60
      72
      80
      75
      75
      99
      84
      78
      83
      85
      86
      98
      84
     102
      86
      91
     105
      97
      87
     134
      87
     101
     103
     116
     110
     101
     109
     110
     119
     109
     110
     109
     114
     116
     122
     129
     124
     103
      98
      90
     118
     106
      90
     113
      99
     106
     112
     107
      89
     104
     113
      87
      98
      92
     113
      85
     102
      80
      65
      84
      92
      65
      80
      90
      69
      63
      70
      87
      72
      71
      59
      56
      51
      66
      55
      60
      56
      43
      37
      46
      55
      43
      35
      30
      40
      38
      33
      26
      34
      22
      30
      30
      27
      30
      27
      29
      26
      22
      15
      10
      24
      25
      14
      27
      18
      16
      16
      12
      17
       9
      17
      11
      17
      15
      11
       7
       9
      10
      12
      12
      11
      11
       3
      15
      14
      12
      15
      10
       8
      10
       8
      21
      14
       8
      13
      11
      13
      20
       9
      12
      19
      12
      18
      20
      16
      21
      12
      16
      29
      32
      17
      19
      28
      27
      24
      27
      30
      29
      29
      31
      30
      34
      28
      33
      20
      32
      30
      40
      44
      38
      43
      34
      39
      42
      36
      45
      49
      52
      61
      50
      66
      51
      53
      59
      71
      67
      63
      69
      61
      72
      91
      72
      75
      82
      70
     100
      75
      88
      85
      80
      87
     100
      93
      84
      74
      93
      97
      96
      88
      83
      92
      87
      92
      90
      93
     106
      94
      87
      85
      91
      90
      91
      94
      90
      88
      80
     107
      96
     103
     103
      72
      77
      77
      80
      69
      70
      77
      65
      79
      72
      77
      75
      71
      74
      69
      79
      68
      64
      57
      54
      53
      63
      52
      54
      51
      45
      41
      45
      50
      39
      45
      37
      32
      35
      48
      34
      33
      32
      25
      30
      32
      35
      26
      20
      27
      22
      19
      21
      18
      20
      22
      11
      14
      13
      12
      14
      17
      11
      14
      10
       7
       8
      11
       9
       9
       5
       7
       3
      11
       6
       9
      10
       4
       4
       5
       8
       5
       2
       2
       6
       1
       5
       2
       4
       5
       5
       5
       4
       2
       3
       1
       4
       3
       3
       1
       4
       2
       1
       4
       1
       2
       5
       3
       3
       0
       1
       3
       2
       3
       3
       2
       3
       3
       1
       1
       2
       3
       0
       1
       1
       3
       1
       1
       3
       2
       4
       2
       2
       3
       3
       1
       0
       3
       1
       0
       4
       3
       4
       2
       3
       4
       1
       2
       2
       1
       3
       2
       2
       1
       2
       0
       2
       2
       1
       5
       4
       2
       8
       0
       1
       1
       5
       6
       2
       3
       0
       2
       0
       0
       3
       4
       2
       7
       0
       2
       1
       2
       2
       2
       0
       1
       4
       2
       1
       1
       2
       1
       1
       1
       1
       2
       1
       1
       4
       3
       0
       4
       2
       0
       2
       1
       1
       0
       2
       0
       1
       0
       4
       2
       2
       0
       1
       0
       1
       0
       4
       2
       1
       1
       4
       4
       2
       0
       1
       0
       1
       3
       3
       1
       5
       6
       2
       0
       0
       1
       1
       0
       3
       0
       0
       2
       0
       1
       3
       0
       2
       1
       1
       2
       2
       4
       2
       0
       3
       2
       2
       0
       2
       0
       0
       3
       0
       3
       1
       1
       3
       0
       0
       2
       1
       2
       1
       0
       2
       2
       1
       2
       1
       1
       1
       1
       2
       3
       3
       1
       1
       0
       0
       0
       3
       1
       0
       0
       2
       1
       2
       0
       3
       0
       0
       3
       4
       1
       2
       0
       2
       1
       1
       0
       4
       1
       1
       0
       1
       1
       1
       1
       1
       3
       1
       3
       0
       4
       0
       2
       0
       0
       3
       2
       0
       0
       0
       0
       0
       1
       0
       2
       1
       1
       4
       0
       1
       0
       3
       1
       0
       1
       1
       2
       1
       1
       3
       1
       3
       0
       0
       5
       1
       0
       0
       1
       1
       1
       0
       1
       1
       0
       0
       1
       0
       0
       0
       1
       3
       0
       0
       1
       0
       2
       0
       0
       3
       1
       0
       2
       1
       1
       1
       0
       0
       1
       3
       0
       0
       0
       0
       0
       0
       0
       0
       2
       2
       0
       0
       1
       2
       0
       0
       1
       0
       2
       2
       2
       0
       1
       0
       2
       0
       2
       1
       2
       1
       1
       2
       2
       1
       1
       0
       1
       1
       3
       1
       2
       2
       2
       2
       1
       1
       0
       1
       0
       0
       0
       0
       0
       0
       0
       0
       0
       0
       0
       0
       0
       0
       0
       0
       0
       0
       0
       0
       0
       0
       0
       0
       0
       0
       0
       0
       0
       0
       0
       0
       0
$ROI:
2
717 861
1457 1650
$PRESETS:
Live Time
60
0
$ENER_FIT:
-42.304211 0.890313
$MCA_CAL:
3
-4.230421E+001 8.903126E-001 0.000000E+000 keV
$SHAPE_CAL:
3
1.082589E+001 4.299253E-002 0.000000E+000
