$SPEC_ID:
No sample description was entered.
$SPEC_REM:
DET# 1
DETDESC# W8481118 Model 928 SN 14338160
AP# Maestro Version 7.01
$DATE_MEA:
04/20/2023 15:17:43
$MEAS_TIM:
60 63
$DATA:
0 2047
       0
       0
       0
       0
       0
       0
       0
       0
       0
       0
       0
       0
       0
       0
       0
      85
     306
     232
     211
     233
     272
     236
     254
     233
     254
     268
     218
     261
     245
     263
     233
     235
     257
     265
     275
     239
     251
     257
     286
     273
     261
     287
     274
     284
     286
     286
     281
     281
     280
     323
     292
     281
     284
     314
     289
     294
     314
     302
     314
     341
     309
     324
     300
     304
     334
     251
     291
     299
     272
     311
     306
     305
     286
     287
     289
     320
     280
     282
     323
     310
     307
     321
     300
     284
     323
     327
     371
     358
     348
     362
     380
     419
     449
     476
     508
     544
     543
     630
     629
     579
     651
     612
     620
     583
     529
     578
     481
     471
     523
     443
     457
     418
     459
     438
     462
     406
     416
     428
     376
     362
     356
     378
     322
     339
     304
     297
     327
     319
     282
     283
     314
     323
     305
     277
     306
     302
     288
     326
     310
     281
     291
     269
     266
     283
     300
     286
     300
     315
     292
     297
     293
     279
     307
     275
     308
     332
     295
     297
     307
     298
     287
     286
     295
     292
     281
     299
     309
     285
     294
     288
     300
     296
     279
     309
     317
     279
     306
     298
     285
     293
     320
     298
     311
     300
     325
     300
     293
     272
     281
     300
     258
     299
     302
     279
     299
     318
     263
     305
     266
     310
     275
     323
     312
     311
     302
     294
     304
     321
     314
     309
     305
     313
     292
     302
     324
     293
     351
     325
     319
     296
     304
     338
     323
     331
     321
     363
     329
     345
     349
     377
     355
     316
     309
     373
     369
     362
     354
     357
     358
     336
     380
     335
     364
     352
     338
     337
     365
     360
     344
     327
     347
     361
     366
     372
     370
     358
     336
     353
     355
     345
     363
     350
     381
     356
     353
     387
     372
     353
     350
     341
     323
     344
     337
     368
     318
     338
     362
     375
     356
     327
     365
     371
     337
     307
     349
     321
     363
     338
     352
     352
     344
     348
     339
     355
     346
     317
     355
     355
     323
     348
     311
     352
     325
     357
     315
     317
     330
     328
     334
     359
     332
     314
     317
     344
     372
     341
     329
     296
     339
     320
     332
     331
     349
     357
     322
     337
     331
     334
     281
     342
     350
     329
     358
     336
     348
     361
     326
     372
     328
     356
     337
     326
     352
     354
     303
     322
     341
     332
     334
     343
     342
     331
     320
     319
     324
     358
     355
     356
     367
     346
     350
     354
     363
     360
     367
     318
     339
     333
     354
     327
     354
     335
     313
     328
     314
     355
     310
     332
     369
     342
     318
     344
     326
     312
     331
     349
     313
     311
     303
     314
     321
     349
     287
     304
     315
     320
     330
     321
     310
     343
     294
     328
     303
     316
     350
     332
     341
     339
     317
     333
     334
     327
     352
     322
     326
     298
     318
     340
     332
     330
     330
     318
     315
     333
     330
     331
     349
     328
     340
     320
     323
     339
     314
     304
     310
     310
     337
     350
     337
     341
     336
     303
     336
     362
     340
     311
     306
     305
     313
     333
     317
     313
     319
     317
     339
     351
     314
     297
     317
     317
     339
     344
     338
     330
     373
     295
     320
     296
     310
     308
     309
     312
     309
     306
     289
     325
     359
     308
     292
     331
     368
     323
     315
     294
     318
     328
     346
     304
     313
     289
     355
     305
     346
     336
     369
     315
     325
     341
     327
     320
     352
     306
     303
     343
     321
     332
     331
     332
     328
     352
     304
     338
     335
     333
     338
     341
     352
     338
     336
     339
     353
     376
     329
     323
     321
     339
     320
     326
     324
     373
     319
     347
     331
     294
     325
     342
     339
     300
     360
     324
     329
     323
     342
     335
     312
     342
     325
     334
     333
     293
     302
     318
     279
     296
     289
     278
     305
     280
     295
     249
     285
     282
     264
     281
     254
     267
     251
     236
     236
     229
     248
     242
     220
     223
     224
     218
     236
     241
     208
     238
     228
     214
     221
     200
     207
     193
     190
     173
     173
     184
     184
     173
     169
     195
     177
     197
     159
     172
     159
     176
     187
     173
     178
     149
     174
     159
     155
     191
     149
     169
     156
     167
     175
     139
     156
     176
     163
     138
     167
     147
     141
     157
     144
     175
     142
     154
     167
     152
     130
     176
     130
     163
     157
     167
     149
     151
     161
     141
     164
     131
     139
     140
     147
     150
     140
     115
     147
     123
     148
     144
     137
     145
     138
     150
     122
     123
     136
     131
     123
     135
     129
     125
     110
     120
     141
     135
     123
     147
     138
     150
     141
     141
     115
     137
     126
     157
     128
     139
     125
     137
     147
     125
     140
     138
     114
     131
     126
     124
     128
     115
     127
     123
     159
     148
     133
     134
     130
     112
     102
     148
     133
     136
     122
     127
     150
     122
     136
     134
     128
     143
     152
     144
     115
     136
     141
     130
     166
     123
     155
     128
     149
     140
     145
     135
     183
     140
     192
     152
     168
     184
     158
     194
     204
     210
     212
     209
     228
     253
     251
     275
     273
     267
     321
     322
     350
     386
     406
     439
     479
     454
     476
     546
     609
     572
     617
     650
     681
     717
     787
     793
     836
     993
     984
    1078
    1021
    1153
    1183
    1250
    1269
    1319
    1384
    1481
    1505
    1541
    1634
    1667
    1741
    1825
    1830
    1974
    1886
    2021
    2171
    2238
    2215
    2257
    2275
    2351
    2360
    2364
    2302
    2420
    2328
    2342
    2448
    2291
    2375
    2488
    2393
    2322
    2358
    2316
    2319
    2298
    2302
    2156
    2067
    2122
    1950
    2020
    1910
    1949
    1797
    1738
    1695
    1621
    1484
    1571
    1357
    1334
    1211
    1214
    1192
    1095
    1050
     926
     950
     879
     789
     735
     700
     678
     582
     553
     487
     482
     437
     442
     399
     343
     305
     295
     257
     263
     227
     220
     202
     189
     156
     177
     156
     120
     128
     108
      99
     104
     104
      96
      74
      93
      83
      57
      77
      77
      54
      64
      49
      59
      62
      50
      61
      43
      53
      62
      54
      66
      56
      46
      53
      50
      52
      47
      51
      44
      55
      49
      54
      47
      43
      55
      45
      52
      66
      51
      51
      55
      53
      50
      69
      52
      52
      53
      54
      47
      45
      54
      45
      49
      50
      52
      65
      28
      53
      55
      43
      47
      59
      58
      43
      49
      68
      48
      59
      39
      51
      55
      42
      41
      44
      49
      62
      44
      53
      62
      48
      52
      58
      57
      49
      54
      54
      55
      48
      52
      49
      59
      51
      47
      57
      54
      39
      44
      56
      51
      60
      43
      59
      59
      50
      48
      35
      42
      56
      37
      60
      47
      53
      54
      62
      56
      68
      42
      53
      51
      52
      60
      49
      45
      41
      51
      53
      43
      41
      52
      53
      56
      45
      53
      55
      48
      59
      56
      46
      51
      46
      60
      52
      60
      48
      64
      47
      57
      57
      63
      54
      59
      50
      64
      46
      59
      56
      58
      71
      54
      48
      56
      53
      57
      63
      57
      61
      62
      47
      61
      45
      52
      60
      59
      56
      45
      53
      46
      41
      57
      40
      62
      74
      48
      57
      73
      51
      42
      43
      53
      57
      55
      64
      53
      55
      54
      50
      59
      44
      51
      58
      50
      54
      62
      58
      39
      58
      58
      66
      67
      44
      49
      54
      63
      65
      56
      56
      63
      66
      43
      46
      48
      60
      59
      50
      57
      66
      58
      54
      59
      57
      62
      57
      42
      64
      47
      49
      58
      64
      56
      52
      60
      67
      62
      58
      52
      54
      53
      45
      44
      57
      50
      53
      63
      52
      42
      47
      41
      51
      56
      45
      53
      43
      53
      44
      42
      48
      52
      54
      47
      44
      51
      48
      37
      44
      37
      40
      42
      52
      56
      39
      42
      42
      42
      30
      43
      37
      34
      33
      31
      32
      38
      40
      37
      54
      40
      34
      45
      51
      34
      46
      45
      29
      45
      42
      40
      40
      35
      52
      26
      41
      42
      40
      41
      26
      29
      27
      44
      26
      26
      42
      21
      35
      26
      41
      31
      25
      31
      37
      37
      44
      38
      33
      46
      51
      39
      32
      38
      30
      35
      33
      28
      35
      44
      34
      32
      41
      36
      45
      33
      43
      33
      39
      44
      37
      35
      43
      35
      23
      40
      42
      45
      37
      33
      37
      41
      31
      30
      38
      42
      36
      43
      34
      44
      46
      42
      35
      31
      24
      38
      31
      36
      28
      39
      37
      27
      36
      35
      37
      35
      30
      34
      26
      32
      32
      43
      46
      29
      24
      30
      39
      41
      28
      29
      35
      35
      32
      30
      46
      34
      38
      29
      23
      22
      27
      34
      31
      29
      30
      32
      30
      30
      39
      28
      30
      28
      48
      34
      32
      33
      30
      48
      36
      29
      32
      23
      31
      25
      30
      21
      31
      37
      28
      37
      43
      30
      41
      39
      36
      34
      45
      30
      42
      39
      33
      35
      36
      38
      36
      51
      39
      35
      45
      46
      39
      42
      43
      54
      49
      63
      46
      49
      65
      55
      70
      71
      72
      61
      66
      73
      66
      74
      79
      80
      88
      77
      89
     108
      90
      85
      93
     106
     116
     108
     106
     107
     104
     121
     106
     118
     128
     136
     138
     138
     136
     149
     145
     133
     126
     148
     159
     159
     172
     162
     155
     168
     152
     178
     137
     165
     162
     158
     160
     188
     164
     164
     181
     189
     177
     169
     153
     163
     170
     162
     160
     146
     131
     141
     153
     156
     159
     160
     139
     154
     135
     148
     151
     139
     120
     148
     129
     111
     129
     124
     114
      93
     106
     104
     117
     103
     108
      81
      93
      81
      97
      78
      87
      77
      64
      60
      57
      69
      52
      50
      59
      46
      47
      48
      40
      43
      41
      39
      22
      38
      32
      28
      29
      35
      24
      25
      21
      23
      20
      29
      29
      10
      31
      18
      22
      15
      23
      19
      22
      12
      18
      16
      15
      12
      14
      23
       9
      11
      17
      13
       9
      18
      18
      13
      17
       7
      19
      19
      20
      25
      14
      24
      20
      14
      16
      21
      17
      20
      14
      24
      19
      25
      28
      15
      28
      28
      32
      29
      28
      38
      39
      32
      42
      42
      40
      39
      42
      41
      47
      46
      36
      56
      47
      53
      64
      63
      57
      63
      73
      52
      63
      75
      80
      75
      67
      82
      82
      82
      75
      81
     100
     104
      89
      84
      95
     109
     100
     116
     108
      99
     101
     125
     125
     119
     126
     118
     132
     121
     135
     136
     125
     133
     116
     147
     132
     136
     145
     153
     127
     142
     141
     137
     153
     144
     143
     126
     120
     148
     133
     143
     113
     104
     123
     140
     120
     148
     135
     144
     113
     136
     121
     110
     116
     125
     111
     110
     113
     103
      93
      95
      84
      94
      85
      77
      84
      97
      76
      82
      80
      65
      86
      72
      74
      49
      54
      54
      56
      58
      44
      51
      44
      51
      56
      45
      41
      34
      37
      39
      33
      35
      36
      32
      24
      23
      31
      26
      22
      27
      27
      32
      29
      23
      17
      21
      25
      18
       6
      12
      11
       9
      14
       8
      10
       8
      11
      15
       9
      11
      15
       6
      12
       2
       4
      10
       7
       6
       7
       5
       6
       9
       6
       7
       7
       4
       6
       4
       2
      10
       5
       4
       4
       6
       3
       5
       5
       4
       5
       0
       3
       6
       7
       1
       7
       9
       6
       0
       0
       3
       3
       4
       5
       4
       1
       7
       2
       6
       4
       4
       3
       4
       5
       4
       6
       3
       3
       3
       3
       1
       3
       6
       3
       6
       5
       6
       2
       2
       2
       5
       4
       3
       5
       5
       3
       6
       6
       2
       4
       6
       2
       5
       3
       5
       5
       3
       2
       3
       6
       0
       1
       5
       3
       4
       4
       2
       6
       7
       2
       2
       4
       4
       2
       4
       5
       2
       6
       4
       1
       3
       2
       4
       1
       5
       3
       6
       2
       3
       1
       3
       2
       1
       2
       5
       0
       4
       2
       1
       4
       2
       1
       4
       3
       1
       2
       0
       0
       1
       2
       0
       5
       3
       0
       2
       3
       3
       1
       4
       0
       1
       6
       2
       3
       5
       2
       5
       2
       0
       3
       3
       3
       2
       2
       2
       1
       6
       3
       0
       0
       2
       2
       1
       1
       5
       3
       2
       2
       1
       3
       3
       2
       5
       3
       2
       4
       3
       5
       2
       1
       3
       5
       1
       2
       0
       1
       1
       5
       1
       4
       3
       1
       4
       2
       1
       2
       2
       2
       1
       6
       3
       1
       2
       3
       1
       2
       3
       1
       2
       3
       0
       1
       4
       3
       0
       2
       2
       1
       1
       3
       1
       2
       0
       2
       0
       2
       1
       2
       1
       1
       2
       3
       1
       3
       1
       0
       0
       1
       0
       3
       1
       4
       1
       4
       1
       3
       3
       3
       1
       1
       2
       1
       2
       3
       0
       1
       2
       4
       2
       1
       1
       3
       2
       2
       3
       3
       2
       3
       4
       1
       1
       2
       1
       4
       2
       1
       2
       1
       2
       1
       2
       3
       2
       1
       1
       2
       2
       2
       4
       0
       0
       1
       5
       1
       0
       3
       1
       1
       0
       4
       0
       3
       1
       0
       1
       3
       3
       2
       3
       1
       0
       5
       1
       1
       0
       3
       3
       1
       0
       1
       1
       1
       1
       1
       1
       2
       4
       2
       3
       5
       2
       2
       4
       3
       3
       0
       1
       2
       3
       2
       1
       1
       1
       2
       2
       1
       0
       4
       4
       0
       0
       1
       4
       0
       1
       4
       1
       2
       2
       1
       0
       0
       0
       0
       0
       0
       0
       0
       0
       0
       0
       0
       0
       0
       0
       0
       0
       0
       0
       0
       0
       0
       0
       0
       0
       0
       0
       0
       0
       0
       0
       0
       0
$ROI:
2
717 861
1457 1650
$PRESETS:
Live Time
60
0
$ENER_FIT:
-42.304211 0.890313
$MCA_CAL:
3
-4.230421E+001 8.903126E-001 0.000000E+000 keV
$SHAPE_CAL:
3
1.082589E+001 4.299253E-002 0.000000E+000
