$SPEC_ID:
No sample description was entered.
$SPEC_REM:
DET# 1
DETDESC# W8481118 Model 928 SN 14338160
AP# Maestro Version 7.01
$DATE_MEA:
04/20/2023 15:43:32
$MEAS_TIM:
60 61
$DATA:
0 2047
       0
       0
       0
       0
       0
       0
       0
       0
       0
       0
       0
       0
       0
       0
       0
      35
     113
      86
      67
      70
      70
      75
      83
      68
      86
      79
      81
      87
      99
      95
      87
      81
      92
      82
      74
      81
      92
     102
      92
      93
      97
     104
      88
      90
      98
      88
      74
      77
     126
     108
      99
     106
      91
      97
     104
     100
      96
     113
     100
     113
     103
     113
     114
     100
     110
     113
      99
     107
     116
     125
     108
     105
     121
     108
     130
     133
     118
     141
     138
     110
     101
     127
     120
     117
     123
     120
     121
     118
     137
     132
     135
     144
     172
     195
     157
     199
     212
     231
     217
     237
     225
     228
     197
     207
     205
     203
     177
     210
     185
     200
     184
     165
     175
     166
     196
     145
     179
     154
     141
     158
     158
     135
     144
     120
     136
     118
     112
     127
     126
     136
     119
     124
     104
     125
     106
     100
     129
     119
     140
     120
     128
     129
     116
     134
     116
     122
     101
     115
     138
     121
     117
     108
     132
     112
     119
     135
     126
     110
     134
     127
     142
     131
     107
     110
     114
     113
     100
     120
     112
     129
     120
     111
     130
     117
     127
     121
     132
     129
     124
     109
     104
     112
     133
     113
     125
     102
     108
     108
     117
     109
     115
     120
     122
     103
     124
     139
     110
     128
     109
     111
     110
     104
     139
     122
     101
     145
     122
     111
     116
     124
     125
     115
     114
     116
     115
     120
     125
     125
     125
     126
     121
     145
     143
     112
     121
     131
     129
     138
     132
     134
     135
     128
     135
     143
     149
     135
     142
     137
     118
     137
     131
     153
     140
     120
     136
     129
     132
     130
     126
     127
     119
     127
     131
     115
     139
     120
     119
     122
     103
     119
     107
     108
     118
     114
     126
     109
     117
     114
     135
     133
     101
     118
     119
     112
     127
     131
     118
     120
     105
     119
     137
     109
     124
     105
     108
     101
     109
     108
     104
     104
     125
     109
     113
     148
     123
     119
     105
     100
     103
     103
      94
     115
     116
     111
     103
     107
     128
     107
     123
     107
     110
      93
     115
     107
     130
     108
      93
     117
     115
     112
     114
     109
     116
     109
     101
     103
     104
     113
      93
      88
     121
     111
     112
     108
     113
     109
     115
      94
     108
      93
     110
     118
      99
     141
     121
     135
     113
     127
     117
     104
     100
     109
     121
     119
     121
     111
      98
     104
      93
     102
     112
     113
     126
     104
     116
      93
     105
     103
     106
      99
     103
     116
     100
     124
     101
     118
     111
     103
     100
     118
     122
     128
     110
     106
     114
     107
     125
      93
      99
     114
     115
     103
     111
     133
     117
     107
     132
     123
     120
      96
     114
     131
      97
     125
      96
     123
     105
     113
     114
     110
     115
     105
     103
      96
     129
     126
     117
     104
     104
     132
     123
     110
     108
      96
     128
     104
     116
     114
     125
     117
     117
     130
     126
     121
     113
     111
     147
     112
     121
     116
     118
     112
     113
     118
     112
     113
     122
     129
     117
     136
     116
     107
     107
     109
     102
     116
     111
     113
     125
     122
     123
     105
     116
     121
     120
     104
     120
     132
     105
     113
     114
      92
      99
     105
     128
     113
     132
     125
     120
     125
     111
     125
     122
     131
     126
      93
     119
     121
     113
     122
     129
     131
     100
     115
     110
     141
     132
     107
     147
     110
     113
     113
     124
     105
     110
     128
     127
     130
     116
     119
     141
     135
     121
     117
     114
     114
     116
     128
     131
     119
     135
     137
     119
     135
     125
     112
     116
     131
     111
     127
     142
     127
     130
     108
     118
      98
     115
     143
     113
     127
     127
     131
     112
     129
     109
     122
     115
     101
     120
     113
     131
     116
     108
     127
     124
     118
     112
     140
     127
     113
     113
      89
     128
     110
     115
     135
     111
      98
     130
     110
     116
      98
     124
     100
     105
     126
      90
     114
     106
     108
     117
     109
      91
     119
     120
      94
     113
     109
     110
      98
     102
      92
      86
     112
     108
      99
     101
      82
      90
     106
     106
     102
      96
      89
      95
      97
     102
      94
      91
     126
     116
      98
     113
     102
      83
      93
      73
      99
     111
      90
     119
     102
     101
      92
      88
      97
     105
      99
     102
      96
     100
     113
     101
      73
      83
      88
      94
     105
      88
     112
      90
      89
      82
      95
     110
      87
     103
      96
      91
      88
      83
     106
      91
     103
      82
     113
      87
     102
      73
     103
      94
      81
     100
     110
      89
      83
     105
      85
     107
      98
      79
      81
      88
      90
      92
      93
      82
      98
      92
     107
      99
      99
      73
      94
      83
      84
      82
      90
     105
      80
      99
      98
      99
      91
      86
     101
      78
      89
      93
     102
     101
     101
      91
     102
      88
      99
     103
      69
     102
      96
      90
      94
      84
     109
      96
      95
      78
      89
      83
     101
     100
      81
      88
     100
     113
     105
     103
      95
     107
      89
      84
      92
      99
      95
     120
      91
     126
     123
     110
     115
     128
     137
     126
     129
     114
     126
     158
     132
     138
     143
     161
     169
     167
     181
     184
     184
     204
     222
     231
     247
     234
     236
     228
     279
     257
     299
     247
     277
     273
     295
     337
     334
     346
     357
     361
     385
     386
     452
     413
     417
     450
     429
     429
     505
     546
     483
     534
     527
     498
     501
     516
     500
     528
     557
     529
     584
     531
     507
     568
     532
     558
     536
     545
     526
     499
     508
     489
     511
     490
     478
     445
     453
     419
     415
     409
     368
     377
     357
     330
     307
     306
     306
     294
     268
     232
     228
     232
     243
     191
     232
     196
     187
     169
     168
     167
     143
     146
     119
     104
     115
     103
      91
     102
      82
      69
      81
      70
      74
      52
      59
      48
      48
      50
      53
      38
      38
      41
      44
      41
      39
      36
      34
      30
      23
      40
      31
      36
      34
      38
      37
      38
      28
      39
      34
      25
      30
      25
      35
      21
      19
      27
      30
      27
      32
      29
      32
      32
      32
      35
      28
      24
      34
      29
      24
      29
      29
      25
      26
      29
      35
      26
      35
      32
      26
      31
      22
      34
      33
      33
      25
      36
      22
      30
      31
      22
      33
      22
      26
      29
      32
      31
      46
      27
      18
      29
      31
      33
      27
      18
      19
      26
      28
      24
      29
      37
      28
      25
      23
      30
      23
      32
      27
      21
      31
      22
      31
      26
      26
      22
      25
      40
      27
      28
      21
      25
      23
      20
      37
      32
      26
      27
      23
      17
      26
      27
      29
      28
      33
      23
      24
      28
      27
      30
      28
      26
      22
      25
      24
      27
      32
      39
      24
      19
      24
      35
      27
      31
      32
      22
      28
      32
      33
      35
      32
      25
      36
      33
      30
      26
      27
      24
      26
      32
      25
      27
      27
      32
      27
      28
      35
      34
      22
      30
      27
      39
      26
      20
      37
      30
      26
      21
      33
      25
      31
      26
      34
      18
      37
      32
      36
      18
      33
      29
      24
      25
      33
      36
      21
      30
      32
      28
      31
      30
      31
      29
      32
      31
      24
      26
      28
      25
      20
      30
      30
      30
      27
      27
      27
      37
      29
      17
      32
      26
      33
      26
      25
      30
      34
      27
      31
      18
      25
      32
      28
      33
      24
      28
      32
      28
      30
      27
      34
      29
      26
      29
      24
      26
      18
      28
      33
      19
      28
      28
      31
      26
      25
      18
      39
      29
      30
      29
      27
      21
      31
      30
      27
      24
      23
      30
      32
      27
      29
      28
      29
      20
      29
      30
      26
      28
      24
      30
      24
      30
      36
      26
      32
      27
      29
      18
      30
      20
      20
      20
      33
      20
      21
      27
      22
      20
      30
      18
      30
      22
      23
      23
      20
      25
      36
      29
      28
      26
      29
      29
      21
      22
      25
      18
      15
      19
      21
      19
      19
      22
      16
      19
      23
      25
      26
      24
      19
      20
      17
      20
      22
      29
      25
      18
      24
      20
      14
      17
      25
      17
      14
      20
      10
      30
      22
      22
      28
      30
      22
      20
      15
      26
      22
      23
      23
      15
      26
      18
      27
      23
      19
      20
      19
      23
      23
      24
      19
      20
      22
      16
      14
      19
      13
      21
      21
      25
      22
      18
      15
      22
      28
      22
      15
      17
      22
      22
      16
      19
      21
      16
      16
      13
      20
      18
      18
      19
      23
      21
      18
      18
      25
      18
      21
      24
      15
      24
      24
      16
      19
      13
      15
      14
      16
      23
      19
      17
      18
      28
      15
      18
      19
      15
      19
      17
      18
      20
      14
      23
      13
      15
      19
      18
      22
      11
      15
      13
      16
      26
      17
      15
      17
      15
      19
      15
      22
      16
      22
      15
      19
      24
      16
      14
      19
      18
      13
      20
      12
      23
      18
      12
      20
      24
      19
      12
      16
      25
      11
      21
      20
      20
      18
      20
      23
      18
      17
      26
      21
      27
      30
      25
      25
      27
      31
      30
      22
      26
      34
      22
      26
      33
      36
      24
      27
      30
      28
      46
      43
      54
      28
      38
      38
      40
      37
      38
      32
      41
      52
      56
      42
      48
      58
      49
      50
      51
      58
      51
      45
      56
      59
      43
      64
      63
      71
      58
      67
      57
      70
      67
      68
      63
      60
      64
      55
      70
      82
      71
      65
      69
      64
      50
      65
      78
      87
      69
      52
      79
      78
      59
      61
      75
      54
      62
      66
      58
      64
      62
      56
      49
      60
      61
      54
      44
      64
      44
      41
      43
      56
      43
      41
      50
      50
      40
      55
      44
      43
      50
      32
      37
      28
      33
      34
      27
      30
      28
      22
      23
      27
      20
      19
      15
      31
      19
      19
      18
      20
      17
      18
      18
      16
      18
      13
      16
      12
      14
      14
      10
      11
      12
      16
      11
      13
      14
      15
       7
       5
      12
      13
       7
       6
       4
      12
       2
       5
       7
       6
      12
       8
      10
       6
       9
       6
       9
      11
       9
      10
       4
       7
       6
      11
      16
       9
       7
       8
       5
      10
      16
       7
      17
       8
      10
      16
      11
      16
      14
      10
      21
      19
      16
      17
      18
      18
      17
      19
      27
      19
      17
      21
      21
      29
      27
      27
      30
      25
      34
      22
      35
      26
      36
      22
      34
      40
      21
      38
      31
      30
      30
      37
      41
      41
      38
      48
      44
      43
      51
      44
      35
      41
      51
      52
      39
      50
      52
      47
      52
      54
      43
      52
      68
      54
      57
      55
      65
      57
      45
      60
      48
      44
      52
      56
      60
      56
      62
      49
      64
      53
      57
      50
      61
      58
      46
      62
      53
      56
      54
      49
      51
      54
      37
      50
      54
      53
      30
      56
      48
      45
      34
      59
      42
      42
      40
      38
      37
      52
      38
      37
      43
      39
      39
      39
      36
      34
      31
      19
      23
      27
      22
      20
      29
      26
      23
      24
      23
      18
      17
      17
      16
      23
      14
      21
      14
      17
       6
      15
      11
       5
       7
       8
       7
      10
       7
       8
      11
       6
       7
       2
       7
       4
       4
       3
       1
       1
      10
       4
       4
       3
      10
       5
       7
       4
       2
       3
       6
       6
       1
       2
       5
       3
       1
       3
       1
       1
       3
       1
       1
       2
       1
       3
       1
       0
       1
       3
       2
       5
       2
       0
       1
       2
       2
       3
       1
       3
       5
       2
      10
       2
       4
       3
       1
       2
       1
       1
       2
       3
       1
       2
       1
       0
       1
       0
       2
       3
       1
       2
       0
       1
       0
       2
       2
       2
       2
       1
       2
       0
       3
       0
       4
       2
       4
       1
       4
       2
       1
       1
       1
       3
       0
       0
       1
       1
       0
       1
       0
       2
       3
       1
       1
       1
       2
       2
       0
       3
       3
       1
       4
       2
       1
       2
       2
       1
       2
       0
       2
       2
       3
       0
       2
       0
       0
       1
       2
       1
       1
       2
       0
       0
       2
       0
       0
       0
       1
       0
       0
       3
       3
       1
       0
       1
       1
       0
       1
       1
       2
       2
       0
       1
       1
       0
       0
       2
       3
       3
       2
       0
       0
       1
       0
       0
       1
       1
       1
       2
       0
       1
       0
       1
       2
       2
       0
       0
       0
       1
       2
       0
       0
       1
       0
       3
       2
       1
       0
       1
       0
       0
       1
       1
       0
       1
       0
       1
       0
       0
       0
       0
       0
       1
       1
       2
       1
       1
       0
       0
       3
       1
       1
       0
       2
       1
       1
       1
       1
       2
       0
       2
       1
       0
       0
       1
       0
       2
       0
       0
       0
       2
       1
       0
       0
       1
       1
       0
       0
       1
       0
       2
       0
       2
       1
       1
       0
       1
       0
       0
       0
       0
       0
       0
       1
       0
       0
       0
       0
       0
       0
       0
       0
       0
       1
       0
       0
       1
       0
       0
       1
       0
       2
       0
       1
       2
       0
       0
       0
       0
       1
       2
       1
       2
       1
       1
       0
       0
       1
       0
       1
       2
       0
       0
       0
       1
       1
       0
       0
       1
       1
       0
       0
       0
       0
       0
       0
       1
       2
       3
       0
       1
       0
       0
       0
       0
       0
       1
       0
       0
       1
       1
       0
       3
       0
       0
       0
       0
       1
       0
       0
       1
       1
       1
       1
       0
       1
       2
       2
       1
       0
       0
       0
       2
       0
       0
       0
       1
       0
       0
       0
       0
       1
       1
       0
       1
       0
       1
       1
       0
       1
       2
       2
       3
       1
       0
       0
       1
       0
       2
       2
       0
       0
       1
       2
       1
       0
       0
       1
       1
       1
       1
       0
       0
       0
       0
       0
       0
       0
       0
       0
       0
       0
       0
       0
       0
       0
       0
       0
       0
       0
       0
       0
       0
       0
       0
       0
       0
       0
       0
       0
       0
       0
       0
$ROI:
2
717 861
1457 1650
$PRESETS:
Live Time
60
0
$ENER_FIT:
-42.304211 0.890313
$MCA_CAL:
3
-4.230421E+001 8.903126E-001 0.000000E+000 keV
$SHAPE_CAL:
3
1.082589E+001 4.299253E-002 0.000000E+000
