$SPEC_ID:
No sample description was entered.
$SPEC_REM:
DET# 1
DETDESC# W8481118 Model 928 SN 14338160
AP# Maestro Version 7.01
$DATE_MEA:
04/20/2023 15:48:33
$MEAS_TIM:
60 60
$DATA:
0 2047
       0
       0
       0
       0
       0
       0
       0
       0
       0
       0
       0
       0
       0
       0
       3
     238
     357
     300
     312
     286
     249
     236
     208
     243
     198
     168
     164
     178
     159
     135
     140
     119
     122
     132
      93
     111
     115
     116
     121
      96
     100
      96
      98
      99
      85
     117
     100
     102
      98
      92
      87
      91
      87
      75
      95
      97
      84
      93
      88
      98
      75
      89
      95
      82
      94
      92
      77
      86
      96
      83
      79
      86
      86
      76
      79
      79
      81
     106
      81
      86
     105
      91
      97
      91
      79
     110
      89
     102
     100
     114
     137
     133
     128
     124
     143
     149
     175
     177
     153
     177
     173
     186
     175
     170
     160
     142
     168
     132
     137
     141
     111
     143
     123
     154
     140
     173
     131
     119
     118
     109
     114
     129
     114
     104
     105
      89
     120
      82
      87
      93
     102
     102
     114
     111
     124
      94
     105
      76
      94
      81
     112
     100
      95
     103
     124
     101
      90
     108
      87
     109
     121
     102
      97
     101
      92
     111
     107
     101
      89
     110
     110
      97
     112
      97
     108
      81
      94
      93
      92
      91
      90
      85
      87
     114
      93
      82
     102
      93
     107
      96
      81
     105
      90
      86
      99
      83
      83
      83
      92
      84
      88
      88
      97
     103
     111
      85
      91
      87
      85
      86
      93
      93
     102
      99
     106
      87
     104
     100
      79
      96
     107
      98
      88
     100
      91
      92
      88
     107
     106
      82
      94
      99
     113
     104
     112
     102
     103
     107
     116
     115
     103
     124
     101
      94
     124
      81
     119
     135
     105
     107
     128
     106
      88
     102
     110
     115
     118
      94
     106
     112
      97
     109
      92
     115
     101
      96
      83
      74
      85
     102
      93
      92
      92
     102
      99
      86
      91
     111
      99
     101
      76
      91
     109
      88
      80
     100
      95
      84
      74
      77
      60
     100
      91
      87
      83
      86
      72
      83
      88
      93
     106
      84
      76
      69
      89
      79
      84
      85
      83
      79
      73
      76
      87
      84
      81
      90
      90
      71
      79
      83
      65
      82
      78
      77
      77
      88
      86
      77
      66
      82
      81
      72
      91
      64
      84
      86
      76
      77
      75
      76
      60
      74
      69
      99
      75
      76
      85
      84
      76
      70
      84
      83
      75
      76
      86
      89
      84
      78
      69
      81
      70
      67
      89
      87
      83
      77
      75
      66
      79
      77
      82
      92
      86
      84
      83
      89
      88
      74
      94
      97
      76
     107
      76
      82
      79
     107
      73
      80
      74
      98
      91
      73
      96
      71
      97
      85
      85
      76
      75
      78
      64
     102
      82
      85
      59
      88
      82
      78
      74
      83
      87
      83
      95
      89
      81
      70
      77
      61
      85
      88
      78
      79
     101
      83
      85
      79
      79
      81
      74
      87
      92
      81
      85
      78
      74
      79
      78
      72
      93
      70
      87
      83
     104
     103
      87
      86
      89
      82
      76
      73
      86
      92
      69
      71
      91
      81
      79
      94
      84
      73
      85
      91
      96
      89
      87
      87
      96
      87
      76
      84
      87
      88
      78
      77
      72
      90
      94
      96
      87
      80
      80
      82
      73
      98
      79
      77
      74
      90
      94
      85
      85
      81
      91
      82
     109
      76
      82
      93
      86
      84
      79
     103
      94
     115
      74
      80
      96
      73
      96
      78
      87
      79
      68
      83
     103
      99
      96
      68
      89
      85
      99
      95
      94
      98
      99
      78
      75
     109
      68
      84
      72
      91
      89
      86
      80
      94
      96
      76
      89
     116
     108
      89
      93
      81
      96
      94
      89
     112
      78
      85
      86
      81
     104
      99
      89
      92
      92
      70
      82
      85
      92
      85
      86
      92
     104
      90
     102
      82
     107
      90
      70
      73
      80
      92
      78
      84
      68
      73
      75
      89
      65
      67
      81
      85
      96
      97
      89
      93
      81
      82
      82
      91
      72
      71
      71
      80
      78
      68
      72
      81
      79
      69
      71
      79
      71
      72
      77
      73
      85
      73
      64
      69
      73
      70
      72
      71
      74
      85
      70
      73
      61
      62
      73
      73
      75
      72
      75
      82
      64
      80
      86
      74
      78
      90
      69
      62
      77
      91
      57
      69
      63
      55
      71
      85
      62
      69
      65
      71
      73
      66
      57
      89
      88
      70
      56
      61
      95
      54
      66
      65
      61
      69
      72
      81
      77
      62
      81
      69
      75
      81
      68
      76
      78
      75
      78
      68
      66
      57
      68
      74
      66
      63
      57
      67
      61
      71
      74
      62
      72
      72
      68
      73
      64
      71
      75
      80
      75
      70
      69
      63
      65
      73
      75
      59
      64
      77
      74
      61
      65
      55
      59
      67
      54
      70
      54
      72
      73
      92
      82
      86
      82
      68
      68
      64
      75
      72
      95
      76
      87
      87
      76
      79
      80
      81
      83
      88
      79
      88
      85
      87
      70
      79
      76
      85
      82
     100
      82
      80
      96
      76
      91
      93
      80
      99
     100
     122
     126
     111
     116
     101
     137
     136
     110
     131
     125
     124
     127
     153
     149
     146
     143
     164
     143
     183
     186
     185
     197
     218
     191
     206
     240
     226
     231
     270
     245
     265
     270
     289
     278
     265
     299
     281
     323
     324
     345
     349
     347
     330
     396
     359
     337
     340
     343
     363
     343
     370
     339
     359
     367
     365
     341
     343
     364
     327
     335
     335
     312
     295
     320
     292
     302
     290
     284
     276
     265
     228
     254
     227
     217
     216
     232
     182
     185
     188
     170
     166
     154
     134
     114
     147
     136
     129
     107
     103
      93
      93
      93
      73
      76
      60
      70
      68
      55
      50
      60
      66
      44
      55
      40
      45
      40
      28
      52
      35
      44
      50
      42
      22
      34
      23
      28
      27
      29
      35
      31
      35
      26
      29
      25
      20
      27
      26
      29
      22
      29
      29
      17
      28
      22
      21
      28
      22
      35
      24
      28
      24
      22
      27
      25
      28
      22
      29
      32
      24
      21
      18
      26
      31
      20
      27
      27
      36
      28
      32
      37
      32
      22
      29
      24
      33
      23
      32
      17
      24
      24
      21
      22
      22
      24
      24
      18
      14
      27
      26
      25
      23
      28
      14
      28
      26
      31
      16
      23
      28
      26
      28
      19
      30
      33
      28
      18
      27
      18
      22
      25
      22
      26
      29
      29
      31
      19
      24
      24
      24
      22
      33
      21
      23
      19
      22
      18
      27
      20
      25
      21
      22
      29
      33
      19
      18
      21
      18
      25
      24
      21
      23
      22
      23
      20
      35
      26
      29
      16
      25
      28
      28
      24
      28
      25
      27
      20
      23
      28
      17
      25
      25
      19
      20
      20
      24
      30
      30
      23
      23
      31
      28
      31
      31
      19
      15
      21
      22
      21
      15
      35
      26
      32
      22
      19
      27
      22
      30
      19
      12
      24
      17
      28
      25
      21
      26
      28
      16
      17
      26
      29
      27
      21
      28
      24
      29
      32
      14
      26
      27
      24
      24
      26
      29
      22
      16
      23
      23
      24
      18
      16
      21
      29
      23
      26
      19
      25
      21
      23
      23
      14
      23
      31
      25
      15
      20
      22
      28
      23
      30
      28
      27
      18
      24
      21
      20
      20
      26
      23
      25
      15
      26
      21
      25
      26
      20
      26
      29
      17
      28
      28
      24
      25
      22
      29
      22
      27
      14
      24
      18
      20
      30
      24
      19
      27
      26
      20
      24
      27
      22
      21
      25
      24
      23
      23
      18
      20
      21
      17
      24
      11
      26
      28
      26
      19
      17
      33
      25
      24
      21
      25
      26
      18
      17
      23
      19
      21
      21
      15
      19
      24
      23
      21
      19
      11
      26
       8
      24
      16
      18
      21
      25
      24
      25
       7
      14
      25
      12
      20
      13
       7
      21
      18
      23
      13
      24
      19
      22
       9
      20
      16
      14
      22
      22
      21
      21
      27
      21
      14
      16
      22
      13
      11
      16
      17
      18
       9
      16
      16
      10
      22
      18
      24
      24
      23
      17
      25
       9
      14
      14
      14
      21
      10
      16
      19
      16
      18
      15
      15
      17
      13
      14
      10
      14
      17
      23
      15
      20
      25
      20
      19
      17
      20
      10
      19
      15
      15
      13
      20
      22
      18
      21
      19
      12
      15
      14
      17
      19
      10
      24
      17
      17
       9
      16
       8
      18
      12
      20
      18
      19
      13
      20
      16
      15
      17
      15
      19
      15
      12
      19
      14
      25
      16
      10
      24
      11
      20
      19
      14
      22
      11
      20
      24
      16
      18
      18
      12
      17
      18
      20
      17
      17
      21
      15
      13
       8
      12
      15
      20
      12
      15
      13
      21
      13
      11
      11
       8
      11
      10
      14
      19
      18
       7
      17
      15
      15
       9
       8
      15
      22
      18
      20
      19
      14
      12
      26
      17
      17
      22
      20
      13
      22
      24
      19
      20
      24
      23
      31
      20
      18
      20
      26
      22
      20
      26
      29
      38
      36
      27
      30
      30
      40
      40
      26
      42
      27
      53
      40
      43
      45
      28
      44
      27
      49
      48
      47
      49
      42
      49
      46
      40
      56
      39
      49
      50
      59
      63
      60
      46
      53
      52
      51
      64
      58
      64
      48
      52
      59
      63
      69
      53
      56
      58
      52
      56
      59
      60
      63
      48
      45
      54
      53
      55
      54
      46
      40
      38
      46
      45
      39
      40
      34
      39
      33
      27
      30
      42
      37
      37
      31
      29
      36
      25
      34
      31
      28
      23
      20
      24
      23
      21
      30
      15
      21
      16
      18
      16
      12
      16
      15
      12
      14
      16
      16
      12
       9
      14
      13
      14
      13
      12
      16
       9
       9
       9
      11
       9
      12
       8
      12
       5
       9
      10
      14
       4
      11
       7
       7
       6
       5
       8
       9
       1
       8
       8
       5
       5
      16
       5
       4
       7
       8
       8
      11
       9
       8
       6
       7
       3
       4
       7
      11
      10
       8
      12
      12
       6
       7
       9
       9
       8
      14
      11
      10
      17
      18
      13
      10
      16
      15
      14
      16
      18
      17
      20
      19
      20
      23
      24
      26
      20
      24
      28
      21
      18
      24
      22
      22
      29
      27
      27
      25
      20
      29
      17
      23
      32
      38
      36
      27
      37
      40
      35
      37
      31
      52
      47
      36
      53
      42
      43
      53
      43
      44
      31
      35
      44
      40
      53
      46
      46
      48
      39
      48
      49
      35
      37
      42
      44
      47
      43
      49
      53
      45
      39
      36
      42
      38
      35
      46
      38
      49
      46
      29
      35
      33
      36
      41
      35
      36
      42
      37
      38
      32
      31
      34
      24
      40
      29
      33
      28
      27
      27
      22
      16
      28
      25
      16
      27
      29
      22
      20
      28
      25
      15
      18
      20
      19
      19
      14
       8
      15
      15
      13
       7
       6
      10
      15
      13
       5
      11
       8
      15
       9
       3
       2
      11
       5
       6
       3
       6
       2
       9
       1
       3
       4
       3
       4
       3
       5
       2
       5
       3
       5
       2
       5
       2
       3
       3
       0
       4
       0
       1
       3
       0
       3
       2
       2
       1
       3
       1
       1
       1
       1
       1
       2
       2
       1
       2
       0
       2
       1
       3
       1
       0
       1
       1
       0
       1
       3
       0
       1
       0
       0
       2
       0
       3
       0
       2
       0
       1
       1
       0
       1
       1
       3
       2
       0
       2
       0
       1
       3
       1
       3
       1
       2
       0
       0
       2
       1
       3
       0
       1
       3
       2
       3
       2
       1
       2
       1
       0
       3
       1
       2
       3
       3
       2
       1
       2
       4
       2
       2
       1
       3
       1
       1
       2
       1
       1
       2
       2
       0
       1
       0
       1
       3
       1
       3
       0
       1
       2
       3
       1
       0
       0
       0
       2
       1
       1
       1
       0
       1
       0
       1
       1
       0
       2
       1
       1
       0
       0
       1
       2
       2
       1
       0
       1
       0
       2
       3
       2
       3
       0
       0
       1
       0
       2
       0
       0
       3
       2
       0
       1
       1
       2
       1
       0
       1
       2
       1
       0
       0
       0
       0
       0
       0
       0
       1
       0
       0
       0
       0
       0
       1
       0
       0
       0
       1
       0
       2
       0
       0
       1
       1
       0
       0
       0
       0
       0
       1
       1
       0
       2
       1
       1
       2
       3
       1
       0
       0
       1
       0
       1
       0
       1
       0
       1
       2
       1
       0
       2
       0
       1
       1
       0
       0
       0
       1
       0
       2
       0
       0
       0
       0
       0
       0
       0
       0
       0
       0
       0
       0
       2
       0
       1
       0
       1
       3
       0
       1
       1
       0
       0
       0
       0
       1
       0
       0
       1
       1
       1
       1
       0
       1
       0
       0
       1
       2
       0
       1
       1
       0
       0
       1
       1
       0
       1
       0
       0
       1
       0
       0
       1
       0
       0
       0
       1
       0
       0
       0
       0
       0
       1
       0
       0
       0
       0
       1
       0
       1
       1
       1
       1
       0
       0
       0
       0
       0
       0
       0
       0
       1
       2
       0
       0
       1
       0
       1
       1
       0
       1
       1
       2
       0
       1
       0
       1
       0
       0
       1
       0
       0
       1
       1
       2
       0
       0
       2
       0
       0
       1
       0
       0
       1
       1
       0
       1
       2
       0
       1
       1
       0
       0
       0
       0
       1
       0
       1
       0
       0
       0
       0
       0
       0
       0
       0
       0
       0
       0
       0
       0
       0
       0
       0
       1
       0
       0
       0
       0
       0
       0
       1
       0
       0
       0
       0
       0
       0
       0
       0
       0
       0
       0
       0
       0
       0
       0
       0
       0
       0
       0
       0
       0
       0
       0
       0
       0
       0
       0
       0
       0
       0
       0
       0
$ROI:
2
717 861
1457 1650
$PRESETS:
Live Time
60
0
$ENER_FIT:
-42.304211 0.890313
$MCA_CAL:
3
-4.230421E+001 8.903126E-001 0.000000E+000 keV
$SHAPE_CAL:
3
1.082589E+001 4.299253E-002 0.000000E+000
