$SPEC_ID:
No sample description was entered.
$SPEC_REM:
DET# 1
DETDESC# W8481118 Model 928 SN 14338160
AP# Maestro Version 7.01
$DATE_MEA:
04/20/2023 15:31:47
$MEAS_TIM:
60 61
$DATA:
0 2047
       0
       0
       0
       0
       0
       0
       0
       0
       0
       0
       0
       0
       0
       0
       7
     358
     725
     528
     510
     501
     457
     419
     343
     421
     349
     323
     324
     286
     275
     275
     241
     229
     247
     238
     226
     226
     215
     202
     237
     217
     198
     198
     188
     237
     201
     185
     180
     169
     152
     176
     213
     186
     146
     174
     164
     221
     177
     194
     187
     189
     185
     181
     190
     154
     160
     184
     192
     177
     176
     166
     189
     169
     203
     164
     171
     185
     188
     178
     180
     166
     160
     194
     201
     158
     178
     190
     191
     200
     184
     224
     226
     234
     245
     274
     313
     299
     322
     308
     339
     346
     326
     380
     344
     343
     332
     275
     252
     274
     270
     248
     242
     252
     242
     270
     261
     245
     246
     242
     241
     241
     202
     196
     184
     192
     214
     185
     193
     171
     186
     155
     206
     188
     185
     186
     176
     178
     171
     178
     207
     175
     200
     158
     185
     183
     182
     177
     180
     175
     162
     203
     185
     180
     172
     167
     172
     192
     174
     186
     158
     161
     190
     165
     197
     194
     181
     174
     188
     154
     175
     194
     166
     175
     186
     193
     157
     169
     164
     156
     180
     198
     172
     154
     180
     182
     166
     161
     160
     210
     153
     167
     180
     147
     183
     199
     167
     166
     171
     182
     166
     169
     156
     156
     193
     188
     184
     172
     173
     182
     174
     181
     183
     176
     171
     179
     170
     171
     180
     182
     178
     191
     202
     193
     199
     169
     176
     185
     183
     193
     226
     208
     180
     178
     199
     187
     200
     194
     200
     211
     182
     186
     234
     195
     188
     186
     198
     193
     199
     179
     194
     181
     209
     186
     170
     186
     166
     183
     203
     163
     177
     191
     172
     181
     169
     172
     169
     178
     166
     170
     182
     148
     168
     195
     175
     164
     158
     177
     176
     180
     194
     188
     169
     166
     186
     181
     168
     186
     164
     196
     177
     179
     181
     168
     176
     174
     170
     178
     178
     155
     164
     172
     180
     190
     169
     164
     192
     187
     193
     188
     177
     168
     206
     156
     186
     172
     169
     173
     183
     155
     169
     178
     166
     178
     174
     178
     174
     156
     170
     175
     210
     166
     192
     195
     187
     178
     172
     191
     167
     177
     186
     182
     174
     167
     171
     153
     176
     192
     183
     183
     153
     163
     161
     165
     175
     172
     173
     167
     173
     157
     178
     175
     173
     186
     191
     171
     176
     179
     185
     150
     170
     166
     165
     164
     185
     183
     170
     198
     170
     180
     158
     180
     170
     177
     217
     175
     183
     163
     178
     174
     189
     168
     180
     212
     180
     186
     194
     170
     178
     171
     184
     163
     171
     169
     168
     189
     182
     201
     162
     203
     200
     175
     183
     181
     172
     190
     184
     183
     190
     188
     162
     207
     165
     209
     167
     174
     184
     184
     191
     185
     184
     173
     199
     146
     197
     201
     179
     173
     186
     192
     176
     189
     181
     183
     165
     188
     167
     175
     188
     195
     180
     194
     173
     178
     194
     190
     199
     183
     201
     194
     199
     175
     170
     188
     209
     176
     181
     192
     165
     184
     194
     176
     175
     182
     215
     206
     182
     201
     183
     199
     194
     182
     167
     180
     199
     180
     167
     168
     186
     199
     195
     205
     228
     204
     200
     176
     201
     188
     195
     176
     175
     224
     188
     164
     170
     193
     207
     172
     173
     199
     200
     192
     179
     196
     179
     197
     204
     201
     187
     197
     203
     212
     203
     188
     166
     199
     181
     175
     198
     174
     207
     206
     209
     210
     192
     182
     194
     201
     203
     172
     184
     202
     216
     179
     223
     172
     197
     190
     211
     183
     187
     194
     182
     208
     187
     183
     207
     172
     163
     173
     167
     173
     169
     191
     192
     172
     175
     158
     156
     175
     159
     168
     143
     161
     151
     167
     152
     156
     158
     147
     140
     164
     163
     131
     152
     183
     150
     134
     143
     142
     169
     142
     137
     137
     140
     155
     150
     135
     127
     146
     140
     129
     138
     147
     140
     134
     133
     149
     149
     165
     132
     128
     158
     119
     134
     142
     135
     144
     152
     114
     123
     112
     121
     126
     135
     149
     142
     137
     148
     135
     129
     156
     139
     130
     135
     139
     123
     124
     133
     114
     151
     141
     125
     122
     115
     112
     135
     133
     125
     106
     135
     124
     117
     138
     138
     129
     105
     121
     129
     115
     121
      95
     108
     127
     125
     117
     115
     117
     123
     141
     122
     117
     111
     125
     114
     121
     118
     109
     137
     122
     137
     120
     124
     124
     112
     113
     117
     118
     132
     129
     113
     118
     123
     112
     119
     121
     138
     142
     132
     123
     119
     107
     119
     116
     118
     121
     111
     140
     105
     126
     114
     131
     118
     122
     132
     116
     112
     122
     115
     152
     114
     109
     110
     111
     127
     138
     132
     137
     141
     135
     132
     135
     131
     114
     123
     149
     132
     164
     158
     143
     168
     174
     191
     168
     176
     219
     194
     229
     216
     191
     215
     252
     244
     265
     253
     274
     288
     334
     311
     323
     333
     403
     383
     402
     433
     467
     464
     479
     505
     520
     530
     564
     641
     672
     685
     665
     669
     719
     741
     788
     761
     771
     874
     867
     871
     857
     884
     943
     883
     967
     977
    1045
    1004
     938
     979
    1055
     992
    1026
     990
    1012
    1068
    1032
    1023
     967
     961
     936
     957
     935
     938
     880
     873
     885
     840
     744
     780
     817
     711
     716
     685
     667
     607
     603
     570
     561
     502
     485
     481
     424
     432
     439
     390
     359
     358
     348
     296
     292
     257
     210
     252
     201
     181
     189
     196
     162
     143
     148
     130
     114
      97
      91
      81
      78
      81
      74
      65
      55
      67
      72
      60
      51
      54
      57
      48
      38
      47
      45
      60
      47
      40
      46
      33
      46
      40
      36
      46
      22
      44
      34
      41
      41
      36
      41
      32
      39
      39
      30
      48
      33
      31
      46
      35
      39
      50
      27
      36
      46
      32
      38
      34
      34
      29
      33
      34
      33
      34
      33
      34
      44
      25
      39
      34
      37
      25
      33
      34
      46
      35
      39
      39
      45
      43
      39
      31
      41
      38
      36
      34
      26
      40
      36
      22
      43
      47
      25
      34
      42
      39
      39
      39
      42
      46
      40
      44
      33
      36
      35
      28
      37
      39
      39
      46
      42
      33
      42
      39
      49
      29
      36
      33
      37
      39
      39
      28
      32
      37
      39
      44
      30
      46
      34
      44
      26
      31
      41
      31
      43
      41
      40
      32
      34
      32
      44
      34
      31
      38
      43
      25
      38
      37
      30
      48
      36
      37
      45
      41
      38
      45
      43
      47
      31
      35
      46
      43
      20
      25
      31
      40
      35
      47
      48
      41
      36
      33
      32
      48
      30
      33
      40
      25
      33
      51
      38
      43
      36
      40
      34
      59
      41
      42
      39
      41
      40
      39
      38
      41
      35
      35
      45
      35
      27
      48
      42
      46
      42
      28
      27
      30
      52
      34
      22
      44
      47
      60
      41
      32
      35
      35
      29
      39
      37
      39
      48
      17
      38
      32
      34
      35
      34
      45
      33
      43
      34
      32
      31
      42
      41
      42
      45
      31
      27
      42
      32
      46
      32
      33
      32
      29
      32
      37
      35
      41
      30
      40
      41
      37
      43
      46
      32
      29
      41
      38
      32
      27
      40
      34
      42
      35
      34
      46
      30
      25
      33
      40
      36
      31
      29
      35
      31
      45
      32
      40
      35
      31
      33
      33
      38
      29
      34
      39
      32
      37
      34
      27
      27
      32
      35
      30
      24
      27
      32
      38
      25
      40
      29
      26
      31
      24
      22
      22
      29
      32
      35
      27
      22
      24
      33
      32
      30
      35
      31
      34
      28
      36
      26
      19
      29
      23
      31
      28
      19
      33
      23
      36
      29
      27
      19
      20
      17
      22
      22
      36
      31
      37
      37
      28
      21
      26
      19
      33
      24
      21
      25
      29
      24
      24
      32
      27
      31
      16
      28
      18
      23
      30
      28
      26
      24
      30
      29
      17
      32
      26
      26
      25
      33
      25
      30
      24
      29
      24
      26
      24
      19
      29
      19
      30
      22
      24
      26
      24
      18
      34
      22
      32
      19
      32
      33
      33
      28
      20
      23
      25
      33
      37
      32
      33
      24
      27
      28
      34
      18
      31
      23
      30
      27
      18
      23
      27
      26
      24
      19
      26
      24
      23
      21
      19
      14
      16
      28
      17
      20
      30
      25
      24
      30
      18
      29
      23
      18
      25
      23
      22
      34
      27
      25
      30
      31
      14
      34
      24
      22
      16
      17
      18
      30
      21
      26
      18
      17
      20
      16
      21
      20
      15
      24
      21
      22
      20
      23
      29
      29
      28
      29
      29
      29
      32
      29
      36
      35
      23
      27
      26
      29
      26
      28
      36
      37
      41
      26
      33
      25
      37
      33
      37
      37
      36
      44
      34
      40
      37
      57
      55
      45
      55
      60
      64
      56
      43
      49
      72
      58
      67
      59
      67
      69
      75
      63
      86
      63
      65
      85
      67
      87
      85
      71
      85
      82
      89
      97
      95
      86
      85
     100
      86
      97
     103
     102
      92
      96
     100
      99
      95
     107
     114
     100
      96
      79
     103
     105
      87
     111
      78
     102
     102
      99
     103
      81
      92
     111
     122
      89
     103
      71
      72
      75
      90
      74
      69
      62
      78
      72
      64
      72
      66
      67
      59
      70
      63
      55
      65
      70
      49
      46
      54
      47
      46
      39
      40
      31
      32
      36
      29
      32
      29
      37
      29
      30
      32
      26
      34
      31
      23
      17
      22
      21
      20
      31
      10
      13
      12
      14
      14
      11
      19
      24
      19
      11
      14
      12
      10
      16
      10
       9
      17
       5
       8
      11
       8
      12
       8
       7
       7
       8
      12
      13
      10
      15
      10
      14
      11
       6
       8
      13
      14
       9
       4
      11
      15
       9
      11
      16
      18
      20
      17
      11
      14
      13
      20
      16
      20
      16
      26
      20
      25
      26
      18
      30
      23
      24
      26
      33
      32
      36
      33
      26
      25
      38
      32
      28
      43
      43
      45
      34
      37
      54
      53
      52
      36
      41
      38
      56
      42
      53
      62
      71
      66
      59
      81
      57
      71
      62
      71
      65
      76
      78
      65
      75
      62
     100
      83
      64
      65
      90
      83
      91
      80
      70
      87
     100
      78
      96
      92
      89
      87
      79
      74
      71
      80
      86
      68
      80
      75
      91
      95
      81
      78
      81
      71
      72
      88
      88
      67
      81
      77
      77
      61
      83
      71
      76
      66
      57
      54
      49
      57
      73
      49
      46
      54
      57
      31
      40
      34
      42
      35
      47
      47
      33
      39
      39
      33
      43
      28
      30
      29
      37
      24
      27
      28
      25
      19
      26
      20
      24
      13
      27
      20
      14
      19
      18
      17
      13
       8
       9
       7
      11
      13
      12
      11
       7
       4
       7
       3
      12
       5
       6
       6
       6
       5
      11
      12
       3
       4
       1
       6
       2
       6
       1
       4
       1
       1
       5
       5
       3
       0
       7
       3
       2
       2
       6
       3
       1
       4
       0
       1
       3
       2
       3
       3
       2
       1
       3
       2
       2
       2
       4
       3
       2
       0
       2
       2
       1
       4
       3
       2
       4
       1
       1
       1
       4
       4
       5
       4
       2
       3
       5
       5
       1
       2
       1
       2
       3
       1
       0
       2
       1
       0
       3
       1
       0
       0
       8
       2
       2
       0
       3
       6
       1
       0
       2
       4
       6
       2
       1
       1
       3
       4
       3
       4
       2
       2
       0
       4
       0
       0
       1
       0
       0
       4
       3
       1
       1
       5
       3
       1
       6
       3
       2
       0
       2
       2
       5
       2
       1
       1
       1
       3
       0
       5
       2
       3
       3
       0
       0
       0
       3
       1
       2
       0
       0
       1
       1
       0
       0
       1
       0
       0
       1
       3
       3
       2
       0
       2
       0
       1
       2
       0
       2
       4
       0
       0
       1
       0
       0
       2
       3
       1
       0
       2
       0
       1
       1
       2
       1
       1
       0
       1
       1
       0
       2
       1
       2
       0
       0
       3
       1
       1
       2
       0
       3
       2
       2
       2
       1
       3
       1
       3
       2
       2
       1
       1
       1
       0
       1
       0
       1
       1
       2
       0
       2
       0
       1
       0
       1
       0
       1
       3
       0
       0
       0
       0
       2
       1
       1
       2
       1
       2
       2
       1
       2
       0
       1
       0
       0
       0
       0
       3
       3
       2
       2
       0
       2
       2
       4
       1
       1
       3
       0
       2
       1
       0
       1
       0
       1
       0
       2
       0
       1
       1
       0
       3
       1
       0
       1
       1
       1
       1
       0
       0
       0
       2
       0
       0
       1
       1
       0
       0
       1
       2
       2
       1
       0
       0
       1
       2
       2
       1
       5
       3
       1
       1
       0
       1
       2
       1
       0
       2
       2
       0
       0
       1
       4
       2
       1
       1
       0
       2
       1
       1
       0
       1
       2
       0
       2
       1
       0
       1
       1
       0
       3
       0
       1
       2
       3
       1
       1
       2
       0
       0
       2
       2
       4
       1
       2
       0
       2
       1
       3
       0
       0
       1
       0
       1
       0
       0
       2
       0
       0
       0
       1
       1
       0
       0
       0
       2
       0
       0
       4
       1
       1
       0
       2
       3
       0
       2
       2
       0
       0
       1
       1
       0
       0
       0
       0
       2
       2
       1
       1
       1
       1
       0
       0
       0
       0
       0
       0
       0
       0
       0
       0
       0
       0
       0
       0
       0
       0
       0
       0
       0
       0
       0
       0
       0
       0
       0
       0
       0
       0
       0
       0
       0
       0
$ROI:
2
717 861
1457 1650
$PRESETS:
Live Time
60
0
$ENER_FIT:
-42.304211 0.890313
$MCA_CAL:
3
-4.230421E+001 8.903126E-001 0.000000E+000 keV
$SHAPE_CAL:
3
1.082589E+001 4.299253E-002 0.000000E+000
