$SPEC_ID:
No sample description was entered.
$SPEC_REM:
DET# 1
DETDESC# W8481118 Model 928 SN 14338160
AP# Maestro Version 7.01
$DATE_MEA:
04/20/2023 14:22:55
$MEAS_TIM:
5 5
$DATA:
0 2047
       0
       0
       0
       0
       0
       0
       0
       0
       0
       0
       0
       0
       0
       0
       0
       6
      24
      27
      29
      28
      34
      18
      24
      23
      28
      27
      31
      30
      33
      20
      40
      37
      44
      38
      45
      58
     112
     122
     191
     211
     265
     287
     308
     322
     302
     266
     182
     143
     145
     110
      93
      73
      56
      41
      38
      34
      31
      24
      33
      23
      25
      35
      23
      32
      29
      30
      27
      32
      18
      25
      19
      21
      22
      26
      35
      31
      37
      24
      23
      18
      22
      26
      17
      21
      32
      24
      48
      19
      28
      30
      33
      38
      41
      30
      24
      34
      39
      35
      43
      29
      33
      39
      25
      30
      39
      35
      28
      22
      32
      41
      33
      31
      20
      33
      32
      18
      21
      21
      32
      34
      34
      20
      38
      30
      34
      25
      34
      25
      37
      32
      24
      21
      19
      22
      27
      26
      21
      25
      36
      19
      25
      25
      18
      30
      32
      24
      28
      25
      24
      26
      24
      21
      27
      28
      27
      30
      29
      26
      26
      35
      26
      23
      35
      31
      30
      24
      34
      28
      27
      25
      33
      32
      24
      27
      30
      31
      26
      29
      24
      28
      26
      33
      29
      26
      33
      24
      37
      27
      25
      29
      36
      32
      28
      35
      28
      25
      28
      30
      32
      29
      34
      31
      24
      33
      28
      30
      35
      40
      33
      28
      26
      29
      28
      31
      34
      27
      39
      28
      38
      37
      34
      26
      39
      42
      38
      42
      42
      46
      55
      48
      40
      45
      49
      52
      53
      49
      48
      53
      43
      44
      52
      45
      57
      49
      42
      48
      44
      45
      51
      46
      38
      56
      49
      38
      52
      38
      57
      38
      38
      53
      40
      41
      41
      32
      35
      39
      48
      39
      43
      29
      50
      35
      32
      34
      43
      37
      32
      31
      35
      25
      29
      33
      32
      43
      40
      31
      31
      29
      33
      27
      31
      45
      30
      33
      24
      37
      42
      34
      40
      30
      45
      32
      38
      27
      38
      36
      46
      33
      21
      36
      28
      28
      40
      31
      34
      47
      38
      26
      24
      38
      24
      33
      26
      34
      26
      29
      31
      29
      27
      30
      23
      34
      35
      25
      35
      34
      29
      29
      26
      26
      29
      33
      27
      27
      38
      23
      28
      27
      27
      23
      28
      21
      31
      25
      27
      24
      29
      22
      26
      28
      19
      20
      24
      31
      25
      29
      18
      35
      35
      34
      25
      29
      31
      20
      27
      23
      29
      34
      31
      24
      31
      18
      25
      25
      26
      26
      19
      21
      43
      21
      31
      27
      22
      25
      22
      28
      20
      23
      20
      30
      27
      26
      22
      21
      22
      17
      16
      30
      22
      26
      13
      26
      34
      32
      19
      17
      30
      24
      29
      19
      18
      25
      25
      20
      29
      32
      33
      14
      18
      24
      29
      22
      31
      31
      19
      19
      18
      11
      26
      36
      23
      25
      25
      28
      16
      19
      26
      26
      26
      25
      20
      26
      28
      28
      31
      20
      26
      23
      34
      28
      23
      25
      28
      27
      34
      16
      27
      16
      28
      18
      24
      22
      26
      31
      28
      31
      21
      19
      34
      23
      26
      32
      28
      30
      24
      29
      22
      30
      32
      23
      27
      29
      30
      26
      22
      18
      20
      20
      22
      34
      29
      22
      27
      30
      30
      26
      21
      21
      33
      22
      31
      29
      28
      36
      28
      22
      26
      32
      24
      33
      18
      25
      22
      20
      18
      27
      35
      34
      21
      23
      32
      35
      22
      30
      26
      24
      24
      21
      28
      25
      25
      31
      22
      21
      24
      26
      19
      24
      21
      20
      22
      23
      16
      20
      19
      23
      24
      15
      25
      19
      19
      19
      21
      18
      15
      16
      16
      19
      14
      11
      13
      13
      13
      19
      18
      17
      10
       6
      13
       9
      17
      17
       8
      12
      11
       7
       7
       5
       5
       6
      16
      11
       8
      12
       9
      11
       8
      15
       6
       9
      10
       7
       8
      12
      11
      13
       2
       6
       3
      10
       3
       5
       8
       7
       9
       9
       7
      11
       8
      12
       6
      12
       7
       8
       5
       6
       2
       5
       7
       7
       3
       8
       3
       4
       7
       3
       6
       8
       6
       5
       5
       8
       5
       8
       8
       2
       6
       6
       4
       3
       6
       4
       4
       2
       1
       7
       1
       4
       3
       3
       3
       7
       4
       4
       4
       5
       8
       4
       3
       6
       4
       9
       6
       7
       6
      11
       4
       4
       8
       2
       3
       3
       4
       8
       3
       3
       7
       3
       1
       7
       4
      11
       3
       5
       5
       1
       6
      10
       5
       5
       3
       6
       5
       7
       6
       5
       5
       7
       4
       5
       6
       6
       9
       5
       4
       9
       7
       6
      16
      12
       8
      11
       8
       7
      15
      14
      11
      14
      11
      18
      16
      21
      13
      10
      13
      16
      24
      34
      27
      28
      31
      33
      26
      30
      46
      37
      35
      55
      41
      57
      55
      62
      81
      83
      75
      83
      85
      95
      96
     100
     109
     120
     117
     128
     123
     150
     154
     163
     165
     156
     176
     177
     177
     217
     190
     211
     199
     212
     210
     244
     219
     242
     225
     247
     233
     208
     214
     267
     243
     273
     239
     234
     224
     227
     255
     255
     232
     236
     220
     212
     198
     202
     193
     170
     174
     178
     175
     158
     139
     144
     158
     153
     132
     132
     132
     110
     107
     115
     106
      93
      81
      84
      62
      83
      66
      48
      54
      48
      58
      42
      49
      43
      27
      28
      31
      25
      20
      18
      17
      20
      17
      15
      10
      15
       6
      14
      10
       2
       9
       7
       4
       5
       3
       5
       5
       4
       1
       2
       4
       1
       2
       0
       2
       2
       1
       2
       2
       0
       0
       0
       2
       3
       1
       0
       1
       0
       1
       0
       0
       2
       2
       0
       0
       0
       2
       0
       2
       1
       2
       1
       0
       2
       0
       1
       1
       1
       0
       2
       2
       0
       2
       0
       1
       1
       0
       0
       1
       1
       0
       0
       1
       1
       1
       1
       0
       0
       0
       0
       0
       0
       1
       0
       0
       1
       2
       2
       0
       1
       2
       2
       1
       0
       1
       2
       0
       0
       1
       2
       0
       0
       1
       0
       0
       0
       0
       0
       2
       1
       1
       2
       1
       3
       1
       1
       0
       3
       2
       1
       1
       1
       0
       1
       0
       0
       0
       0
       0
       1
       1
       1
       2
       0
       0
       0
       3
       1
       0
       0
       1
       0
       0
       1
       3
       2
       0
       0
       0
       0
       0
       1
       0
       1
       3
       0
       1
       2
       0
       0
       1
       1
       1
       0
       0
       1
       1
       0
       0
       0
       1
       0
       0
       1
       0
       0
       0
       0
       0
       0
       0
       0
       0
       3
       1
       1
       0
       2
       0
       0
       0
       1
       2
       0
       1
       0
       0
       1
       0
       0
       0
       0
       0
       0
       0
       0
       2
       1
       1
       0
       2
       5
       0
       0
       0
       0
       0
       3
       0
       0
       0
       0
       1
       2
       0
       1
       0
       0
       0
       0
       0
       0
       0
       1
       0
       0
       0
       0
       2
       0
       2
       0
       0
       0
       0
       0
       3
       3
       0
       2
       1
       0
       0
       1
       1
       0
       0
       0
       0
       1
       0
       0
       0
       0
       1
       0
       1
       0
       1
       0
       0
       0
       0
       1
       0
       0
       0
       0
       0
       1
       1
       0
       0
       1
       0
       0
       1
       0
       1
       0
       0
       0
       0
       0
       0
       0
       0
       0
       0
       1
       1
       0
       0
       0
       2
       0
       0
       1
       0
       0
       0
       1
       0
       0
       1
       2
       0
       0
       1
       0
       0
       0
       0
       0
       2
       1
       1
       0
       1
       0
       0
       1
       1
       0
       2
       0
       1
       0
       0
       0
       0
       1
       0
       1
       0
       1
       0
       0
       1
       0
       0
       0
       0
       0
       1
       0
       0
       0
       0
       0
       0
       0
       0
       1
       0
       1
       0
       0
       0
       1
       0
       1
       0
       0
       0
       0
       0
       1
       0
       1
       0
       0
       0
       0
       0
       0
       0
       1
       1
       0
       1
       0
       1
       1
       0
       0
       0
       0
       0
       1
       0
       1
       0
       0
       0
       0
       0
       1
       1
       0
       1
       2
       0
       1
       1
       0
       0
       0
       0
       0
       0
       0
       0
       0
       0
       1
       0
       1
       0
       0
       1
       1
       1
       0
       0
       0
       0
       0
       1
       0
       1
       1
       0
       0
       0
       0
       0
       1
       0
       0
       0
       1
       1
       1
       0
       0
       1
       3
       1
       0
       1
       0
       0
       0
       0
       1
       0
       0
       0
       2
       0
       0
       0
       0
       0
       0
       0
       0
       0
       0
       0
       1
       0
       1
       1
       0
       0
       0
       0
       0
       0
       2
       0
       1
       0
       0
       0
       0
       0
       0
       0
       0
       0
       1
       0
       0
       0
       0
       0
       0
       0
       0
       0
       1
       0
       2
       1
       0
       1
       1
       0
       1
       0
       0
       0
       0
       0
       0
       0
       0
       0
       1
       0
       0
       0
       1
       0
       0
       0
       0
       0
       0
       0
       0
       0
       0
       1
       0
       0
       0
       0
       0
       0
       0
       0
       0
       0
       0
       0
       1
       0
       0
       1
       1
       0
       0
       0
       0
       0
       2
       0
       0
       0
       0
       0
       3
       0
       0
       0
       0
       0
       0
       1
       0
       0
       0
       1
       0
       0
       1
       0
       0
       0
       1
       0
       0
       0
       0
       0
       0
       0
       0
       0
       0
       0
       1
       1
       0
       0
       0
       0
       0
       1
       0
       0
       0
       0
       0
       1
       0
       0
       0
       1
       0
       0
       1
       0
       1
       0
       0
       1
       0
       1
       0
       0
       0
       0
       1
       0
       0
       0
       1
       0
       0
       0
       0
       1
       1
       0
       1
       0
       0
       0
       1
       1
       0
       0
       0
       1
       0
       0
       0
       1
       1
       1
       0
       0
       0
       0
       0
       0
       0
       0
       0
       1
       0
       0
       0
       0
       1
       1
       0
       0
       0
       0
       0
       0
       0
       1
       0
       0
       0
       0
       0
       0
       0
       0
       0
       0
       0
       1
       0
       0
       0
       1
       0
       1
       0
       0
       0
       1
       0
       0
       0
       0
       0
       0
       0
       0
       0
       0
       0
       0
       2
       0
       0
       0
       0
       0
       0
       1
       1
       0
       0
       1
       0
       0
       1
       0
       0
       0
       0
       0
       0
       1
       0
       0
       1
       0
       0
       0
       0
       0
       0
       0
       0
       0
       1
       0
       0
       0
       0
       0
       0
       2
       0
       1
       0
       0
       0
       0
       0
       1
       0
       0
       0
       0
       1
       0
       1
       0
       1
       0
       0
       0
       0
       0
       0
       0
       0
       0
       0
       0
       0
       0
       0
       0
       1
       0
       0
       0
       0
       0
       0
       1
       0
       0
       0
       0
       0
       0
       0
       0
       0
       0
       0
       0
       0
       0
       0
       0
       0
       0
       0
       0
       0
       0
       1
       0
       0
       0
       0
       0
       0
       0
       1
       0
       0
       0
       0
       0
       0
       0
       0
       0
       0
       0
       0
       0
       0
       0
       0
       0
       0
       1
       0
       0
       0
       0
       0
       0
       0
       0
       0
       0
       0
       0
       0
       0
       0
       0
       0
       0
       0
       0
       0
       0
       0
       0
       0
       0
       0
       0
       0
       0
       0
       1
       0
       0
       0
       0
       0
       0
       0
       1
       0
       0
       0
       0
       0
       0
       0
       0
       0
       1
       0
       0
       0
       0
       0
       0
       0
       0
       0
       0
       0
       0
       0
       0
       0
       0
       0
       0
       0
       0
       0
       0
       0
       0
       0
       0
       0
       0
       1
       0
       0
       0
       0
       0
       0
       0
       0
       0
       0
       0
       0
       0
       0
       0
       0
       0
       0
       0
       0
       0
       0
       0
       0
       1
       0
       0
       0
       0
       0
       0
       0
       0
       0
       0
       0
       0
       0
       0
       0
       0
       0
       0
       0
       0
       0
       0
       0
       0
       0
       0
       0
       0
       0
       0
       1
       0
       0
       0
       0
       0
       0
       0
       0
       0
       0
       0
       1
       0
       0
       0
       0
       0
       0
       0
       0
       0
       0
       0
       0
       0
       0
       0
       0
       0
       0
       0
       0
       0
       0
       0
       0
       0
       0
       0
       0
       0
       0
       0
       0
       0
       0
       0
       0
       0
       0
       0
       0
       0
       0
       0
       0
       0
       0
       0
       0
       0
       0
       0
       0
       0
       0
       0
       0
       0
       0
       0
       0
       0
       0
       0
       0
       0
       0
       1
       0
       0
       0
       0
       0
       0
       0
       0
       0
       0
       0
       0
       0
       0
       0
       0
       0
       0
       0
       0
       0
       0
       0
       0
       0
       0
       0
       0
       0
       0
       0
       0
       0
       0
       0
       0
       0
       0
       0
       0
       0
       0
       0
       0
       0
       0
       0
       0
       0
       0
       0
       0
       0
       0
       0
       0
       0
       0
       0
       0
       0
       0
       1
       0
       0
       0
       0
       0
       0
       0
       0
       0
       0
       1
       0
       0
       0
       0
       0
       0
       0
       0
       0
       0
       0
       0
       0
       0
       0
       0
       0
       0
       0
       0
       0
       0
       0
       0
       0
       0
       0
       0
       0
       0
       0
       0
       0
       0
       0
       0
       0
       0
       0
       0
       0
       0
       0
       0
       0
       0
       0
       0
       0
       0
       0
       0
       0
       0
       0
       0
       0
       0
       0
       0
       0
       0
       0
       0
       0
       0
       0
$ROI:
2
724 850
1440 1708
$PRESETS:
Live Time
5
0
$ENER_FIT:
0.000000 0.840607
$MCA_CAL:
3
0.000000E+000 8.406072E-001 0.000000E+000 keV
$SHAPE_CAL:
3
4.861613E+001 0.000000E+000 0.000000E+000
