$SPEC_ID:
No sample description was entered.
$SPEC_REM:
DET# 1
DETDESC# W8481118 Model 928 SN 14338160
AP# Maestro Version 7.01
$DATE_MEA:
04/20/2023 14:50:23
$MEAS_TIM:
85 85
$DATA:
0 2047
       0
       0
       0
       0
       0
       0
       0
       0
       0
       0
       0
       0
       0
       0
       0
       2
      23
       9
      12
      13
      21
       9
       9
       7
      10
      17
      17
      16
       7
      12
      17
      13
      18
      20
      14
      10
      13
      16
      24
      17
      18
      18
      16
      18
      16
      22
      16
      15
      29
      16
      13
      25
      21
      23
      25
      20
      29
      35
      30
      22
      26
      26
      33
      30
      33
      39
      30
      42
      42
      36
      42
      40
      47
      47
      33
      46
      47
      42
      49
      67
      50
      69
      67
      59
      66
      75
      64
      73
      62
      71
      64
      72
      70
      77
      81
      90
      73
      81
      87
      81
      82
      89
      86
      82
      79
      78
      79
      65
      81
      62
      70
      70
      71
      76
      70
      79
      79
      88
      68
      70
      78
      73
      87
      75
      82
      82
      73
      80
      79
      73
      68
      64
      76
      68
      81
      70
      70
      70
      63
      81
      79
      75
      64
      70
      63
      66
      70
      56
      66
      66
      66
      68
      71
      49
      52
      77
      69
      68
      65
      72
      65
      65
      60
      61
      62
      64
      67
      68
      62
      45
      59
      53
      65
      42
      54
      57
      60
      40
      49
      51
      58
      41
      65
      77
      51
      41
      56
      48
      46
      61
      47
      59
      59
      44
      47
      58
      41
      56
      37
      55
      51
      49
      56
      50
      60
      63
      55
      59
      44
      42
      48
      49
      37
      51
      45
      49
      46
      42
      34
      45
      44
      40
      44
      35
      40
      39
      35
      36
      44
      48
      35
      34
      40
      33
      40
      39
      56
      28
      38
      40
      37
      37
      52
      36
      36
      38
      31
      37
      34
      26
      38
      34
      36
      35
      30
      35
      31
      36
      36
      47
      34
      36
      28
      53
      30
      34
      35
      38
      28
      26
      19
      23
      34
      23
      39
      36
      34
      33
      27
      23
      24
      35
      29
      19
      33
      29
      31
      26
      30
      33
      38
      29
      38
      24
      22
      29
      18
      30
      26
      26
      28
      23
      20
      32
      25
      20
      21
      20
      22
      26
      23
      18
      20
      19
      30
      21
       9
      19
      23
      14
      21
      23
      21
      20
      19
      15
      29
      21
      11
       6
      29
      24
      22
      18
      11
      20
      16
      16
      22
      18
      23
      18
      15
      20
      23
      16
      20
      14
      27
      20
      24
      17
      17
      20
      19
      15
      15
      12
      12
      12
      14
      16
      21
      13
      19
      16
      18
      11
       7
      14
      16
      16
      15
      18
      19
      10
      14
      12
      15
      16
      14
      17
      12
      15
      10
      18
       7
      11
      16
       8
      10
      17
      15
      15
      13
      15
      11
      12
       8
      17
      14
      19
      20
       8
      19
      10
      15
       8
      17
      13
      10
      17
      12
      17
      18
       9
      20
      13
       8
       9
      15
      17
      16
      13
      10
       9
       5
      13
      14
       8
      14
      13
      13
       4
      14
      12
      12
      11
      13
       7
      10
      11
      11
      11
      11
       9
       5
       9
      11
       8
      11
       7
       8
       8
      11
       6
       6
       9
       9
       5
       9
      10
       6
       5
      10
       6
       8
       6
      10
       9
       5
       4
      12
      10
       3
       6
       4
       1
      11
      12
       5
       9
       9
      14
      10
       8
       9
       9
       5
       6
      11
      12
       5
       9
      13
       7
       7
       8
       5
       4
       8
      13
       9
       3
       1
       5
       5
       5
       4
       5
       6
       5
       9
       1
       8
       2
       7
      11
       6
       7
      10
       6
      10
      12
       9
       8
       9
       8
      10
       9
       9
       5
      10
       5
       3
      11
       4
       7
       5
       6
       5
       8
       5
       7
       7
      12
       8
       6
       1
       5
       5
       6
       7
       8
       5
       5
       7
       5
       7
      12
      11
       4
       9
       8
       7
       4
       6
       5
      10
       4
      14
       5
       7
      12
       8
      10
      10
       9
       5
      12
      10
       4
       8
       9
      16
       7
       8
      14
      11
      10
       6
      15
       2
      10
      11
       9
       8
      10
       6
      10
       6
       9
      11
      11
      10
      14
       9
      15
       5
      11
      18
       6
      13
       6
      10
       7
      10
       8
      13
      13
       9
       8
       7
       5
       8
       7
       5
       8
      10
       8
       7
       6
       7
       6
       8
       4
       4
       4
       8
       9
      10
       4
       7
       3
       7
       4
       4
       4
       6
       5
       3
       3
       2
       2
       4
       3
       4
       2
       4
       5
       5
       1
       3
       4
       7
       7
       7
       3
       5
       4
       4
       6
       8
       6
       6
       3
       3
       3
       3
       7
       4
       6
       2
       7
       5
       7
       5
       4
       9
       5
       6
       9
       5
      11
       5
       4
       4
       6
       5
       3
       2
       5
       6
       7
      12
       9
       4
       9
       6
       5
       3
       5
       4
      11
       6
       7
       4
       8
       3
       4
       3
       8
      10
       4
       4
       5
       3
       7
       6
       3
       6
       6
       5
       6
       4
       4
       1
       6
       5
       3
       2
       4
       3
       7
      11
       5
       5
       3
       1
       2
       4
       3
       4
       3
       3
       4
       1
       4
       1
       1
       4
       3
       1
       4
       3
       5
       4
       1
       8
       5
       3
       4
       4
       0
       2
       2
       2
       5
       4
       6
       6
       3
       3
       4
       4
       4
       6
       4
       2
       8
       3
       5
       4
       5
       2
       3
       2
       4
       3
       2
       3
       4
       3
       1
       3
       4
       9
       4
       8
       3
       3
       3
       2
       1
       4
       3
       4
       6
       2
       2
       3
       5
       2
       2
       3
       1
       1
       2
       0
       3
       2
       3
       5
       6
       3
       4
       2
       4
       1
       2
       0
       3
       3
       2
       5
       1
       2
       0
       1
       5
       3
       5
       2
       1
       5
       2
       1
       2
       2
       1
       2
       3
       1
       6
       4
       5
       2
       4
       1
       3
       1
       3
       1
       3
       3
       2
       1
       4
       1
       3
       0
       3
       2
       2
       3
       5
       2
       4
       1
       2
       3
       0
       0
       2
       0
       2
       5
       2
       3
       4
       1
       0
       3
       2
       4
       4
       0
       2
       2
       2
       2
       1
       4
       3
       4
       1
       3
       1
       0
       5
       2
       1
       2
       2
       1
       2
       5
       4
       0
       3
       2
       3
       2
       0
       4
       2
       4
       2
       3
       3
       2
       1
       2
       1
       1
       1
       4
       2
       3
       1
       2
       0
       0
       3
       2
       2
       1
       1
       0
       3
       2
       3
       4
       1
       1
       1
       2
       0
       1
       2
       1
       1
       1
       4
       1
       3
       3
       4
       2
       3
       2
       0
       3
       3
       1
       2
       2
       2
       3
       1
       4
       1
       0
       1
       1
       4
       3
       0
       0
       2
       1
       5
       1
       1
       2
       3
       2
       3
       1
       2
       3
       4
       2
       0
       2
       2
       4
       2
       2
       2
       1
       1
       2
       0
       5
       2
       3
       3
       6
       2
       4
       0
       2
       2
       3
       4
       3
       2
       4
       4
       1
       1
       1
       3
       1
       1
       0
       1
       2
       3
       1
       5
       5
       3
       0
       2
       1
       1
       1
       4
       1
       3
       3
       3
       0
       2
       2
       0
       3
       4
       0
       1
       3
       5
       5
       2
       5
       5
       4
       1
       0
       1
       1
       0
       3
       3
       2
       4
       2
       1
       2
       2
       1
       4
       4
       1
       3
       1
       2
       1
       1
       7
       2
       1
       2
       1
       2
       2
       1
       3
       2
       1
       5
       3
       2
       1
       5
       3
       2
       0
       5
       2
       3
       1
       1
       1
       0
       2
       4
       0
       3
       1
       2
       2
       6
       4
       4
       1
       1
       2
       2
       3
       0
       5
       2
       1
       1
       3
       1
       2
       3
       4
       5
       1
       1
       1
       0
       2
       3
       2
       3
       1
       0
       1
       4
       0
       3
       3
       0
       4
       2
       4
       3
       0
       1
       1
       0
       3
       4
       3
       4
       2
       1
       2
       1
       2
       2
       2
       0
       3
       2
       2
       3
       2
       3
       2
       2
       1
       0
       0
       3
       1
       1
       0
       2
       2
       1
       1
       3
       3
       1
       1
       3
       3
       2
       1
       1
       2
       2
       1
       2
       3
       1
       0
       2
       0
       1
       0
       2
       3
       1
       1
       0
       1
       0
       3
       1
       2
       0
       1
       1
       1
       1
       2
       2
       2
       1
       0
       1
       1
       4
       2
       1
       1
       1
       3
       4
       2
       3
       2
       0
       1
       2
       0
       2
       0
       1
       0
       1
       2
       0
       3
       4
       2
       2
       2
       2
       1
       0
       2
       1
       2
       2
       1
       1
       0
       2
       0
       0
       1
       1
       1
       3
       3
       1
       2
       2
       2
       1
       0
       5
       2
       0
       1
       2
       2
       1
       0
       2
       3
       0
       3
       3
       2
       3
       1
       2
       2
       0
       1
       3
       0
       3
       1
       1
       0
       0
       0
       2
       2
       3
       1
       2
       3
       2
       1
       0
       0
       0
       2
       0
       1
       1
       1
       2
       1
       3
       3
       3
       2
       1
       2
       1
       2
       0
       2
       1
       2
       1
       1
       3
       1
       3
       1
       0
       0
       1
       1
       1
       1
       1
       1
       3
       2
       2
       1
       1
       0
       0
       3
       1
       1
       3
       0
       1
       3
       2
       1
       1
       0
       0
       4
       3
       2
       2
       1
       0
       1
       4
       3
       0
       1
       0
       1
       0
       2
       2
       1
       2
       1
       4
       1
       1
       2
       0
       0
       2
       0
       0
       2
       2
       1
       4
       1
       0
       0
       1
       1
       0
       1
       0
       1
       2
       1
       2
       0
       1
       4
       3
       3
       3
       3
       1
       1
       2
       3
       1
       0
       4
       1
       1
       6
       1
       1
       1
       1
       1
       2
       1
       2
       1
       1
       1
       0
       0
       1
       1
       1
       3
       2
       0
       1
       0
       3
       0
       1
       3
       0
       3
       3
       2
       1
       1
       3
       3
       0
       2
       2
       1
       2
       0
       0
       1
       4
       2
       1
       2
       0
       2
       1
       2
       4
       0
       1
       2
       0
       2
       2
       1
       0
       0
       0
       1
       0
       3
       1
       0
       0
       2
       1
       0
       0
       1
       0
       0
       0
       3
       1
       0
       2
       1
       0
       0
       1
       0
       0
       0
       0
       0
       1
       0
       2
       0
       0
       1
       3
       0
       1
       1
       2
       1
       0
       0
       0
       2
       1
       1
       3
       3
       0
       3
       0
       0
       1
       0
       0
       1
       1
       3
       1
       0
       0
       1
       1
       2
       0
       5
       3
       1
       1
       0
       0
       0
       1
       0
       2
       1
       0
       0
       0
       1
       1
       3
       1
       0
       3
       0
       1
       0
       0
       2
       3
       1
       0
       3
       0
       0
       1
       0
       3
       2
       1
       3
       0
       0
       4
       0
       0
       2
       0
       0
       0
       1
       0
       2
       2
       3
       1
       4
       3
       1
       1
       1
       3
       1
       3
       3
       1
       0
       1
       1
       0
       0
       1
       2
       0
       2
       3
       1
       0
       0
       3
       4
       2
       2
       3
       2
       2
       0
       3
       5
       1
       4
       2
       3
       3
       4
       4
       3
       2
       1
       5
       4
       2
       2
       3
       2
       0
       4
       2
       1
       2
       1
       2
       2
       1
       2
       3
       1
       3
       1
       5
       2
       6
       2
       2
       5
       1
       1
       2
       1
       3
       1
       1
       0
       1
       0
       0
       6
       6
       1
       2
       1
       1
       3
       2
       2
       0
       1
       3
       0
       0
       2
       0
       0
       1
       2
       0
       0
       0
       1
       0
       2
       1
       0
       1
       1
       1
       0
       0
       3
       1
       1
       0
       0
       1
       0
       0
       1
       0
       0
       0
       0
       3
       1
       0
       0
       0
       1
       1
       0
       0
       2
       0
       1
       1
       1
       1
       0
       0
       0
       0
       2
       0
       0
       0
       0
       1
       1
       0
       1
       1
       1
       0
       0
       0
       0
       1
       1
       0
       0
       0
       2
       0
       2
       0
       0
       1
       0
       3
       0
       0
       0
       0
       0
       1
       2
       2
       0
       0
       1
       0
       0
       1
       1
       0
       0
       0
       0
       0
       0
       1
       0
       1
       0
       0
       0
       2
       0
       2
       0
       0
       1
       0
       0
       2
       0
       0
       1
       1
       1
       1
       0
       0
       1
       0
       0
       1
       0
       0
       0
       0
       0
       2
       0
       0
       0
       0
       1
       0
       1
       0
       0
       0
       0
       0
       1
       0
       0
       2
       0
       0
       0
       0
       0
       1
       0
       0
       1
       0
       0
       0
       0
       0
       0
       0
       0
       0
       1
       1
       0
       0
       0
       0
       0
       1
       0
       0
       0
       0
       1
       1
       0
       1
       0
       0
       0
       0
       1
       0
       0
       1
       0
       0
       1
       0
       1
       0
       0
       0
       0
       0
       1
       0
       0
       0
       1
       1
       0
       2
       0
       0
       1
       0
       1
       0
       0
       1
       0
       0
       1
       1
       0
       1
       0
       1
       0
       2
       0
       0
       0
       0
       0
       2
       3
       0
       0
       1
       0
       1
       0
       2
       1
       1
       0
       0
       1
       1
       0
       0
       0
       1
       0
       0
       0
       0
       0
       2
       0
       1
       1
       1
       0
       1
       0
       0
       1
       0
       1
       0
       0
       1
       1
       1
       1
       0
       0
       0
       4
       2
       2
       1
       1
       1
       1
       0
       0
       2
       1
       0
       0
       0
       0
       0
       0
       0
       0
       0
       0
       0
       0
       0
       0
       0
       0
       0
       0
       0
       0
       0
       0
       0
       0
       0
       0
       0
       0
       0
       0
       0
       0
       0
       0
       0
       0
       0
       0
       0
$ROI:
3
46 279
1278 1311
1616 1637
$PRESETS:
None
0
0
$ENER_FIT:
-42.304211 0.890313
$MCA_CAL:
3
-4.230421E+001 8.903126E-001 0.000000E+000 keV
$SHAPE_CAL:
3
1.082589E+001 4.299253E-002 0.000000E+000
