$SPEC_ID:
No sample description was entered.
$SPEC_REM:
DET# 1
DETDESC# W8481118 Model 928 SN 14338160
AP# Maestro Version 7.01
$DATE_MEA:
04/20/2023 14:48:17
$MEAS_TIM:
69 70
$DATA:
0 2047
       0
       0
       0
       0
       0
       0
       0
       0
       0
       0
       0
       0
       0
       0
       0
      20
      53
      52
      43
      58
      61
      50
      47
      35
      46
      63
      50
      40
      58
      57
      41
      45
      49
      52
      58
      45
      66
      57
      52
      66
      52
      72
      60
      63
      56
      53
      55
      61
      53
      67
      58
      68
      51
      68
      53
      57
      72
      66
      63
      71
      72
      64
      65
      60
      65
      72
      66
      61
      66
      71
      69
      76
      67
      73
      71
      81
      81
      79
      69
      79
      88
     104
      98
      83
      88
      94
      94
      87
      94
     102
     102
     104
     138
     122
     125
     124
     142
     128
     141
     118
     132
     116
     121
     119
     112
     100
     126
     128
     120
     126
     120
     131
     121
     117
     114
     107
     102
     135
     121
     111
     111
     112
      88
     111
     117
     116
     104
     108
      91
      95
     119
     116
     109
     116
     105
      99
     120
     105
     108
      86
      97
      95
     101
     102
      90
      94
     110
     101
     101
      93
     102
      83
      97
      83
     120
     111
     107
     102
     101
      96
     117
     102
      90
     117
      92
     127
      99
     106
     111
     103
      95
      95
     105
     108
      89
     114
      86
      94
      90
      94
      85
     104
      87
      92
      81
      97
     107
      71
      94
      68
      80
      81
      79
      91
      95
      87
      93
      85
      87
      84
      84
      77
      91
      77
      81
      85
      83
      90
      83
     102
      92
      83
      89
      82
      83
      82
      88
      90
      64
      78
      96
      89
      92
      86
     121
      90
      88
      92
      76
      63
      77
      94
      94
      93
      76
      75
      90
      69
     101
      86
      92
      96
      65
      86
      84
     107
      71
      99
      78
      89
      85
      92
      89
      92
      93
      89
      72
     101
     117
      97
      93
      77
     110
      86
     104
     112
     101
     103
     118
      92
     108
      93
     103
     108
     113
      96
     112
      91
      98
     113
     111
     110
      95
     102
     119
     115
     120
     101
     115
      87
     100
      98
     104
     104
     113
      99
      92
      92
      99
     100
      96
      89
      92
      84
      98
      98
      88
      96
      74
      96
      95
     101
      92
      91
      89
     106
      76
      76
      79
      76
      96
      82
      76
      98
      78
      70
      84
      95
      92
      84
      80
      78
      86
      77
      77
      72
      88
      86
      86
      90
      69
      84
      65
      77
      76
      84
      76
      72
      71
      65
      76
      86
      61
      80
      74
      75
      67
      77
      74
      73
      80
      67
      76
      67
      68
      83
      72
      89
      62
      77
      58
      68
      78
      63
      74
      69
      78
      71
      68
      64
      73
      75
      52
      81
      53
      63
      69
      82
      73
      76
      69
      81
      62
      59
      70
      54
      64
      66
      64
      78
      68
      61
      60
      77
      63
      64
      74
      66
      69
      60
      68
      61
      68
      75
      52
      60
      62
      57
      71
      57
      62
      64
      66
      63
      68
      65
      55
      53
      69
      54
      63
      65
      62
      59
      53
      64
      74
      72
      54
      73
      74
      68
      48
      60
      79
      72
      58
      72
      63
      66
      55
      55
      60
      54
      61
      56
      59
      54
      54
      56
      50
      60
      70
      69
      56
      52
      53
      60
      52
      64
      65
      61
      50
      58
      71
      52
      62
      54
      62
      56
      52
      50
      67
      63
      58
      56
      51
      51
      57
      49
      69
      54
      53
      58
      51
      46
      53
      67
      56
      62
      58
      40
      57
      55
      63
      43
      59
      53
      55
      59
      59
      66
      58
      51
      42
      64
      49
      60
      69
      50
      61
      64
      59
      41
      54
      42
      71
      57
      64
      51
      46
      56
      59
      52
      44
      47
      57
      59
      58
      50
      62
      49
      52
      53
      47
      60
      41
      44
      56
      52
      50
      55
      52
      42
      49
      44
      52
      48
      60
      45
      49
      55
      55
      50
      43
      53
      34
      45
      49
      54
      38
      51
      64
      48
      44
      45
      50
      52
      49
      53
      43
      52
      51
      47
      36
      47
      47
      49
      46
      48
      53
      46
      50
      53
      45
      61
      57
      50
      49
      39
      48
      53
      52
      39
      48
      46
      58
      65
      39
      56
      47
      43
      57
      53
      54
      57
      46
      55
      45
      51
      49
      56
      43
      52
      61
      61
      54
      54
      64
      50
      46
      47
      29
      51
      52
      40
      57
      43
      42
      52
      64
      51
      52
      56
      38
      54
      49
      40
      54
      47
      42
      47
      55
      43
      54
      33
      50
      38
      44
      52
      56
      57
      48
      42
      50
      56
      43
      51
      41
      52
      53
      56
      45
      58
      51
      52
      54
      49
      50
      60
      47
      44
      49
      50
      47
      49
      46
      51
      55
      38
      54
      46
      41
      39
      42
      50
      52
      33
      42
      41
      49
      57
      54
      41
      46
      56
      56
      41
      39
      50
      58
      47
      48
      45
      55
      43
      45
      45
      38
      48
      51
      52
      48
      45
      33
      53
      45
      47
      59
      44
      55
      36
      38
      39
      41
      49
      40
      45
      42
      50
      48
      59
      44
      47
      53
      43
      51
      45
      32
      39
      46
      45
      46
      53
      52
      46
      56
      49
      41
      53
      45
      53
      50
      58
      42
      43
      56
      51
      51
      67
      48
      55
      44
      61
      45
      61
      54
      82
      50
      48
      40
      44
      61
      47
      48
      47
      61
      40
      57
      60
      45
      42
      48
      45
      53
      52
      43
      52
      56
      55
      49
      42
      49
      64
      45
      49
      47
      53
      33
      45
      52
      47
      55
      44
      51
      57
      40
      61
      42
      53
      50
      48
      41
      55
      43
      67
      49
      49
      49
      40
      40
      44
      43
      54
      44
      47
      53
      38
      43
      54
      45
      56
      51
      48
      54
      46
      43
      52
      45
      53
      61
      43
      42
      58
      61
      56
      51
      44
      42
      38
      58
      55
      61
      50
      60
      36
      43
      46
      50
      48
      47
      48
      43
      41
      51
      51
      53
      54
      46
      64
      36
      56
      63
      57
      53
      44
      44
      50
      60
      53
      48
      42
      55
      45
      42
      40
      46
      55
      48
      37
      44
      58
      49
      63
      55
      51
      56
      71
      45
      50
      42
      50
      53
      59
      35
      51
      58
      56
      56
      48
      56
      56
      68
      38
      65
      55
      48
      55
      54
      55
      54
      55
      50
      56
      50
      49
      54
      40
      60
      53
      51
      57
      53
      46
      59
      55
      47
      61
      64
      44
      59
      36
      49
      60
      53
      45
      63
      60
      62
      53
      57
      50
      55
      57
      49
      48
      57
      51
      51
      49
      56
      57
      51
      63
      47
      53
      62
      63
      50
      59
      53
      59
      57
      52
      53
      55
      44
      52
      59
      55
      44
      63
      41
      48
      70
      56
      62
      55
      54
      58
      51
      54
      49
      58
      47
      54
      70
      52
      42
      50
      54
      68
      59
      57
      58
      68
      52
      47
      62
      54
      52
      58
      62
      60
      54
      53
      58
      53
      65
      52
      45
      43
      54
      48
      53
      72
      54
      60
      56
      45
      62
      64
      63
      50
      63
      65
      59
      60
      58
      43
      61
      53
      56
      56
      69
      57
      54
      67
      54
      62
      44
      69
      60
      62
      58
      65
      61
      58
      60
      63
      49
      58
      66
      54
      59
      50
      61
      66
      51
      46
      52
      57
      61
      68
      57
      59
      65
      58
      56
      55
      59
      52
      50
      65
      64
      67
      62
      55
      69
      64
      43
      35
      67
      58
      46
      53
      39
      50
      51
      46
      55
      53
      44
      48
      52
      49
      37
      41
      46
      52
      43
      43
      44
      45
      39
      48
      39
      45
      41
      59
      49
      52
      35
      40
      58
      48
      42
      39
      42
      44
      36
      46
      48
      35
      49
      41
      43
      50
      40
      44
      42
      49
      44
      35
      44
      38
      37
      48
      42
      47
      30
      42
      41
      33
      32
      43
      33
      34
      41
      43
      36
      46
      40
      42
      41
      36
      33
      39
      42
      35
      46
      36
      44
      28
      47
      42
      35
      29
      49
      38
      40
      41
      37
      32
      43
      27
      47
      49
      34
      49
      31
      32
      43
      28
      39
      35
      32
      33
      37
      41
      31
      23
      28
      27
      40
      34
      25
      19
      43
      33
      37
      46
      33
      46
      41
      47
      42
      41
      29
      30
      49
      32
      28
      29
      39
      40
      31
      32
      30
      34
      37
      38
      44
      43
      34
      31
      35
      34
      40
      27
      45
      34
      39
      35
      39
      31
      40
      36
      37
      43
      42
      48
      49
      36
      40
      37
      34
      34
      30
      33
      37
      36
      34
      35
      25
      41
      31
      44
      31
      37
      37
      37
      30
      45
      34
      35
      34
      32
      27
      25
      43
      27
      29
      45
      38
      30
      40
      36
      48
      41
      29
      45
      38
      50
      39
      53
      50
      49
      48
      64
      55
      62
      50
      66
      51
      67
      84
      78
      67
      87
      63
      73
      77
      93
      90
      94
      99
     115
     114
     108
     104
     104
     107
     119
     137
     120
     137
     138
     146
     116
     154
     146
     145
     137
     173
     198
     149
     178
     177
     163
     174
     175
     181
     191
     167
     184
     209
     188
     205
     199
     206
     216
     191
     196
     231
     203
     208
     233
     221
     212
     219
     208
     219
     210
     205
     190
     196
     185
     215
     196
     178
     213
     203
     182
     191
     170
     184
     173
     196
     178
     158
     133
     164
     145
     161
     138
     118
     135
     126
     146
     147
     110
     116
     112
     111
     110
     103
      91
      79
      70
      78
      80
      87
      67
      51
      58
      56
      66
      65
      63
      53
      42
      44
      44
      51
      55
      43
      35
      31
      39
      36
      39
      23
      34
      20
      25
      28
      17
      19
      17
      24
      24
      16
      25
      16
      11
      21
      14
       8
      10
      13
      19
       9
      11
      20
      18
       9
      15
       9
      20
      11
      15
      12
      14
      16
      18
      10
      15
      18
      21
      22
      20
      25
      22
      20
      24
      27
      37
      20
      24
      31
      33
      38
      36
      31
      37
      35
      28
      48
      40
      50
      33
      43
      49
      44
      67
      46
      56
      61
      62
      69
      71
      66
      84
      55
      77
      83
      67
      81
     112
      92
      98
      99
     107
     102
     105
     114
     107
     126
     124
     127
     120
     138
     120
     124
     131
     136
     133
     139
     127
     137
     158
     158
     141
     159
     178
     159
     183
     153
     159
     156
     169
     155
     133
     178
     162
     187
     178
     161
     164
     159
     186
     168
     137
     194
     180
     160
     170
     154
     166
     164
     152
     138
     144
     140
     164
     147
     104
     136
     130
     120
     128
     122
     118
     107
     130
     101
     101
     101
     102
     109
     101
     106
      87
      98
      98
     103
      85
      85
      84
      68
      78
      65
      65
      66
      63
      68
      47
      57
      48
      59
      43
      45
      49
      36
      48
      38
      44
      21
      38
      32
      37
      37
      30
      25
      22
      23
      20
      17
      13
      16
      21
      12
      18
      17
      12
      14
       5
       9
      12
       6
      13
       8
       8
       7
       8
       7
       7
       5
       3
       6
       6
      12
       4
       6
       6
       5
       2
       5
       3
       3
       2
       2
       5
       2
       3
       1
       5
       5
       4
       4
       7
       4
       1
       1
       3
       4
       6
       2
       2
       3
       3
       4
       3
       3
       5
       1
       3
       2
       3
       1
       6
       2
       4
       3
       4
       3
       1
       6
       3
       4
       3
       0
       2
       2
       5
       1
       3
       2
       3
       4
       3
       4
       3
       3
       1
       3
       2
       1
       3
       1
       3
       1
       3
       6
       3
       5
       5
       4
       5
       4
       1
       2
       1
       0
       1
       3
       1
       2
       3
       5
       2
       5
       0
       2
       3
       3
       0
       1
       2
       1
       2
       2
       2
       2
       4
       3
       2
       0
       3
       1
       2
       4
       1
       3
       0
       3
       2
       1
       8
       0
       4
       2
       1
       0
       1
       2
       2
       2
       1
       1
       0
       3
       2
       1
       2
       1
       2
       3
       1
       0
       1
       0
       4
       0
       4
       2
       2
       3
       2
       2
       1
       3
       2
       2
       2
       0
       5
       0
       4
       1
       1
       2
       1
       4
       2
       4
       6
       0
       2
       1
       1
       3
       3
       3
       2
       0
       1
       4
       0
       0
       3
       2
       0
       1
       1
       3
       2
       0
       4
       2
       2
       0
       4
       1
       1
       3
       1
       1
       0
       1
       3
       1
       1
       2
       1
       2
       0
       4
       0
       3
       7
       1
       1
       2
       1
       2
       5
       1
       1
       2
       1
       4
       2
       0
       1
       3
       2
       1
       1
       2
       3
       0
       1
       2
       2
       0
       1
       1
       0
       1
       1
       1
       5
       1
       2
       0
       0
       3
       3
       0
       3
       4
       1
       2
       1
       0
       0
       3
       1
       1
       0
       1
       2
       3
       1
       2
       0
       2
       1
       1
       2
       2
       0
       3
       2
       3
       2
       0
       1
       1
       1
       1
       3
       1
       0
       1
       0
       2
       3
       1
       1
       1
       1
       2
       0
       3
       0
       3
       0
       1
       1
       1
       3
       2
       2
       1
       3
       2
       3
       3
       1
       2
       3
       1
       2
       0
       2
       2
       1
       3
       1
       0
       0
       0
       2
       3
       3
       0
       1
       2
       3
       5
       1
       0
       1
       1
       0
       1
       1
       1
       1
       0
       4
       1
       3
       0
       1
       2
       1
       3
       5
       3
       3
       0
       2
       1
       1
       2
       2
       1
       4
       1
       0
       3
       0
       2
       2
       0
       2
       2
       2
       1
       1
       1
       0
       0
       0
       0
       0
       0
       0
       0
       0
       0
       0
       0
       0
       0
       0
       0
       0
       0
       0
       0
       0
       0
       0
       0
       0
       0
       0
       0
       0
       0
       0
       0
       0
$ROI:
3
46 279
1278 1311
1616 1637
$PRESETS:
None
0
0
$ENER_FIT:
-42.304211 0.890313
$MCA_CAL:
3
-4.230421E+001 8.903126E-001 0.000000E+000 keV
$SHAPE_CAL:
3
1.082589E+001 4.299253E-002 0.000000E+000
