$SPEC_ID:
No sample description was entered.
$SPEC_REM:
DET# 1
DETDESC# W8481118 Model 928 SN 14338160
AP# Maestro Version 7.01
$DATE_MEA:
04/20/2023 14:31:49
$MEAS_TIM:
59 63
$DATA:
0 2047
       0
       0
       0
       0
       0
       0
       0
       0
       0
       0
       0
       0
       0
       0
       0
      99
     344
     252
     317
     258
     275
     307
     308
     276
     301
     301
     322
     317
     290
     323
     329
     299
     281
     280
     351
     321
     316
     317
     286
     343
     344
     287
     348
     277
     311
     312
     303
     317
     341
     333
     365
     319
     318
     356
     368
     366
     353
     350
     352
     356
     370
     340
     372
     339
     324
     364
     345
     330
     339
     360
     347
     351
     391
     334
     329
     362
     328
     366
     369
     340
     355
     397
     352
     377
     383
     365
     368
     349
     385
     381
     431
     425
     399
     447
     465
     519
     443
     486
     497
     479
     472
     481
     458
     436
     428
     444
     439
     374
     411
     405
     424
     414
     412
     441
     424
     426
     419
     411
     411
     381
     389
     402
     362
     380
     392
     383
     347
     333
     410
     364
     423
     385
     373
     363
     390
     382
     357
     392
     387
     402
     381
     420
     404
     428
     409
     383
     412
     410
     392
     374
     395
     419
     412
     411
     416
     363
     402
     414
     403
     407
     395
     402
     403
     430
     395
     407
     390
     382
     390
     420
     434
     404
     392
     394
     382
     413
     413
     392
     409
     394
     403
     426
     409
     382
     433
     368
     398
     378
     399
     395
     399
     428
     468
     404
     428
     431
     418
     443
     432
     416
     437
     426
     436
     477
     462
     483
     482
     481
     453
     507
     503
     494
     502
     534
     565
     601
     588
     561
     554
     600
     590
     582
     594
     627
     624
     581
     571
     607
     603
     582
     603
     625
     615
     551
     584
     574
     620
     569
     546
     604
     582
     579
     547
     566
     547
     587
     577
     544
     557
     532
     556
     529
     468
     485
     487
     498
     536
     518
     509
     549
     498
     521
     480
     538
     510
     504
     494
     501
     479
     516
     496
     527
     509
     546
     515
     507
     510
     480
     532
     485
     442
     479
     460
     480
     503
     508
     493
     511
     463
     477
     450
     466
     478
     477
     517
     435
     448
     460
     486
     491
     444
     428
     477
     470
     459
     460
     481
     486
     455
     454
     463
     450
     435
     438
     470
     421
     408
     461
     437
     462
     424
     456
     416
     446
     436
     439
     474
     438
     444
     476
     428
     409
     433
     434
     463
     414
     449
     440
     408
     428
     443
     434
     423
     438
     395
     391
     399
     420
     400
     429
     441
     413
     385
     414
     432
     395
     420
     435
     443
     439
     427
     448
     454
     415
     417
     402
     390
     435
     430
     448
     408
     456
     440
     398
     428
     404
     431
     408
     408
     406
     399
     384
     446
     430
     409
     419
     407
     414
     415
     398
     373
     410
     394
     376
     401
     369
     381
     348
     371
     359
     331
     308
     328
     318
     313
     322
     312
     304
     341
     278
     289
     272
     278
     282
     257
     272
     259
     283
     282
     239
     260
     241
     223
     243
     246
     243
     240
     194
     214
     216
     212
     215
     212
     212
     222
     212
     194
     209
     195
     208
     178
     186
     206
     186
     181
     202
     198
     203
     199
     191
     186
     168
     194
     173
     185
     185
     170
     176
     187
     179
     190
     166
     179
     155
     186
     163
     165
     168
     173
     178
     197
     160
     170
     173
     177
     153
     149
     160
     165
     181
     178
     153
     148
     182
     155
     160
     162
     188
     156
     147
     146
     165
     146
     169
     146
     166
     176
     167
     188
     157
     171
     159
     167
     158
     161
     133
     164
     145
     139
     179
     155
     153
     160
     182
     152
     163
     157
     146
     186
     170
     162
     152
     174
     175
     166
     153
     162
     142
     166
     166
     165
     170
     189
     149
     170
     153
     179
     180
     176
     141
     153
     164
     142
     164
     206
     151
     184
     160
     206
     171
     184
     173
     175
     203
     197
     192
     201
     235
     235
     222
     221
     260
     259
     257
     271
     283
     323
     351
     374
     420
     435
     467
     486
     513
     579
     580
     706
     726
     724
     784
     862
     874
     977
    1127
    1192
    1197
    1255
    1376
    1398
    1581
    1629
    1762
    1810
    1877
    2012
    2091
    2185
    2243
    2420
    2532
    2689
    2638
    2663
    2880
    2898
    3001
    3085
    3113
    3208
    3289
    3361
    3283
    3288
    3330
    3369
    3312
    3422
    3408
    3361
    3244
    3344
    3223
    3166
    3099
    3101
    2975
    2918
    2719
    2695
    2597
    2413
    2392
    2285
    2219
    2122
    2006
    1864
    1824
    1663
    1517
    1468
    1273
    1245
    1171
    1080
     987
     987
     854
     770
     735
     635
     584
     516
     489
     468
     407
     394
     315
     330
     262
     271
     241
     211
     204
     177
     163
     154
     129
     139
     135
     128
     102
     113
      83
      93
      90
      98
      73
      93
      90
     101
      93
     104
      87
      88
      75
      94
      81
      85
     107
      99
      80
      93
      87
      71
      96
      74
      81
      75
      69
      74
      93
      78
      93
      89
      69
      72
      92
      86
      75
      88
      88
      94
      85
      83
      82
      88
      91
      74
      94
      96
      84
      79
     109
      75
      61
      76
      89
      88
      77
      79
      92
     103
      73
      90
      76
      88
      95
      76
      86
      90
      83
      69
      84
      94
      70
      77
      85
      89
      88
      76
      65
      92
      75
      99
      97
      76
      79
      87
      71
      85
      93
      71
      86
      76
      77
      80
      73
      83
      71
      78
      83
      85
      89
      87
      87
      88
      83
      78
      87
      81
      76
      75
      74
      89
      84
      83
      63
      87
      80
      67
     104
      87
      89
      84
     101
      90
      84
      80
      97
      75
      83
      95
      69
      88
      91
      84
      91
      82
      83
     103
     102
      91
     102
      84
      81
      81
     104
      81
      95
     105
      85
      84
      91
      98
      86
      86
      85
      79
      83
      99
      94
      97
      73
     101
     104
      85
      95
      87
      92
      95
      85
      73
      82
      89
     102
     101
      90
      81
      99
      88
     106
      93
      81
      87
      93
      93
     105
      91
     100
      79
      73
      97
      92
      85
      94
      83
      97
      72
      80
      72
      78
      78
      78
      78
      83
      94
      82
      63
      86
      83
      81
      82
      75
      93
      78
      90
      56
      95
      71
     102
      73
      90
      87
      84
      91
      78
     100
      86
      87
      83
      78
      81
      83
      71
      91
      81
      94
      73
      79
      68
      95
      73
      99
      76
      90
      81
      72
     112
      81
      69
      81
      95
      77
      99
      77
      85
      90
      91
      90
      85
      92
      77
      87
      70
      88
      62
      82
      90
      81
     100
      83
      85
     100
      83
      86
      87
      99
      90
      76
      77
      83
      91
      92
      88
      90
      81
      61
      80
      70
     108
      71
      72
      84
      79
      83
      90
      92
      88
      82
      69
      89
      94
      80
      83
      88
      68
      99
      89
      70
      91
      87
      87
      82
      87
      86
      85
     101
      87
      83
      79
      92
      77
      87
      93
      91
      74
      75
      94
      75
      73
      76
      82
      94
      85
      77
      89
      86
      92
      76
      91
     104
      84
      92
      81
      86
      81
      78
      87
     101
      85
      84
      73
      84
     102
      85
      88
      91
      72
      84
      82
      78
     101
      78
      65
      90
      95
     102
      91
      88
      92
      94
      99
      73
      73
      83
      83
      85
      96
      82
      79
      95
      98
     100
      74
     107
      90
      79
      88
      85
      98
     112
      93
      91
      78
      81
      90
      84
      93
      89
      78
      97
      96
      98
      83
      76
     116
     102
     103
      82
     122
      83
      93
      82
     106
      89
      92
      94
      76
      97
      86
      79
      89
      97
      93
      85
     110
     102
     107
      95
      91
      95
      92
      73
      94
      97
      90
      97
     101
      96
      78
      99
      88
      98
      89
      96
      94
      90
     102
     100
      85
      90
      90
     101
      84
      91
      93
     103
      94
     103
     107
      78
     101
      96
     104
      97
      93
      94
      81
      93
      96
      90
      94
      90
      83
      87
     109
      90
      82
     102
      82
      91
     100
     102
     109
      92
      86
     112
      81
     115
      94
      96
     101
     105
      92
      95
      94
      92
     104
      93
      98
      68
      87
     102
      78
     108
      83
     100
      84
     114
     110
      68
     110
      88
      87
      97
     105
      88
      81
      70
      91
      97
     100
      99
     106
      87
      86
      86
      91
      72
      86
      84
      91
      90
      76
      87
      76
      76
      76
      93
      61
      67
     109
      75
      90
      66
      82
      68
      74
      69
      74
      78
      71
      63
      69
      66
      59
      77
      60
      68
      72
      67
      55
      60
      52
      59
      59
      63
      48
      47
      61
      55
      64
      51
      51
      61
      56
      53
      50
      60
      65
      43
      41
      42
      49
      32
      50
      47
      47
      48
      40
      42
      50
      29
      66
      39
      30
      36
      36
      26
      33
      39
      37
      37
      34
      29
      41
      40
      34
      31
      25
      43
      42
      38
      26
      25
      34
      30
      21
      34
      21
      28
      31
      25
      26
      34
      30
      32
      25
      19
      20
      31
      28
      35
      26
      27
      20
      25
      17
      21
      22
      26
      28
      25
      31
      19
      19
      26
      16
      29
      24
      21
      24
      25
      21
      17
      28
      14
      22
      21
      24
      23
      19
      24
      25
      20
      11
      25
      21
      17
      12
      16
      25
      13
      18
      23
      17
      18
      17
      18
      18
      18
      18
      22
      13
      14
      19
      19
      24
      13
      16
      12
      22
      21
      24
      19
      15
      23
      14
      14
      17
      16
      16
      12
      29
      15
      18
      27
      25
      25
      23
      29
      29
      26
      15
      21
      23
      27
      25
      31
      32
      29
      26
      22
      35
      25
      46
      36
      36
      44
      45
      35
      44
      35
      47
      47
      45
      51
      57
      48
      59
      68
      58
      70
      63
      84
      64
     105
      85
      89
      95
     104
      82
     105
     115
     114
     139
     143
     150
     144
     144
     147
     151
     199
     191
     186
     181
     182
     190
     215
     220
     208
     231
     222
     262
     269
     262
     251
     284
     301
     306
     296
     329
     325
     364
     336
     362
     365
     371
     388
     411
     391
     418
     414
     438
     465
     469
     437
     474
     464
     485
     467
     484
     459
     445
     532
     482
     486
     482
     508
     495
     488
     548
     477
     494
     469
     503
     471
     506
     476
     449
     490
     486
     489
     458
     492
     422
     443
     439
     462
     436
     460
     473
     448
     413
     391
     391
     424
     413
     373
     395
     348
     331
     331
     300
     304
     289
     294
     289
     273
     315
     247
     244
     221
     224
     223
     207
     209
     198
     215
     214
     162
     156
     135
     150
     143
     137
     113
     124
     116
     104
     104
      94
     102
      81
      88
      77
      82
      73
      65
      66
      73
      64
      58
      50
      57
      47
      49
      46
      47
      44
      52
      43
      31
      34
      21
      35
      38
      32
      25
      24
      22
      31
      31
      20
      17
      23
      14
      14
      15
      20
      18
      23
      14
      12
      14
      16
      18
      14
      15
      14
      17
       9
      19
      15
      12
      17
      18
      12
      14
      16
      12
      12
      13
      19
       6
      12
      15
      12
      14
      13
      14
      14
      18
       9
      19
      11
      13
      11
      13
      14
      12
       8
      10
      12
      12
      12
      20
       8
      15
       9
      13
      16
      15
       8
      13
      15
      14
      10
       7
      13
      19
      11
       9
      13
       9
      15
      18
       9
      12
      16
      14
      13
       9
       4
      17
      15
      16
      14
      19
       9
      20
      10
      14
      15
      17
      18
       4
      14
      14
      14
      12
      11
      14
       5
      14
      10
      16
      22
      13
      12
      20
      16
      10
      15
      18
      21
      15
      12
      12
      14
      17
       9
       7
      14
      16
      18
      14
      14
       8
       9
      13
      27
      12
      16
      21
      16
      19
      12
      16
      14
      12
      11
      14
      13
      19
      16
      12
      12
      21
      15
      11
      11
      13
       8
       7
       6
      14
      14
      11
      19
      13
      10
      17
       7
      13
       9
       8
      10
      12
      14
      11
       7
      11
      10
      15
      16
      14
       7
      10
      15
      15
      15
      14
      14
      15
      10
      10
      20
      11
      17
       8
       8
      10
      12
       8
      17
      16
      16
      17
      14
       9
      15
      12
       9
      17
      13
      11
      10
      12
      11
      11
       8
       7
      12
      23
      10
       2
      11
       5
       7
      15
      11
      10
      15
      10
       2
       6
      11
      11
      15
      12
      12
      18
       5
      13
      15
       9
       9
       6
       7
       7
      12
      11
       8
       9
      11
      18
      16
       9
      13
       9
       8
       9
      11
      10
      11
      11
      12
      10
      12
       7
      14
       7
      12
       9
       7
       9
       6
       7
       6
       6
       9
       7
       9
      17
       6
       7
       6
       5
       7
       6
       8
       7
       8
       6
       9
       3
       9
      12
      13
       7
       7
       9
       7
       9
      10
       9
       4
       6
       9
       6
       6
       9
       0
       5
       5
       8
       8
       9
       8
       8
       4
       4
       6
       5
       7
       3
       6
       5
       2
       9
       5
       2
       3
       3
       6
       7
       8
       3
       5
       2
      10
       4
       2
       7
       5
       3
       6
       4
       4
       1
       4
       6
       5
       4
       5
       6
       5
       5
       5
       5
       3
       4
       5
       2
       7
       4
       7
       3
       4
       6
       2
       5
       5
       4
       3
       5
       6
       2
       4
       3
       4
       2
       3
       4
       4
       4
       8
       6
       4
       4
       1
       2
       5
       5
       1
       1
       2
       6
       3
       8
       3
       3
       2
       3
       5
       6
       4
       3
       4
       0
       4
       2
       3
       4
       1
       2
       3
       5
       3
       3
       4
       3
       4
       4
       2
       3
       6
       3
       3
       3
       7
       6
       1
       5
       3
       8
       4
       6
       7
       4
       5
       4
       3
       4
       7
       4
      10
       4
       1
       0
       6
       3
       1
       7
       0
       0
       0
       0
       0
       0
       0
       0
       0
       0
       0
       0
       0
       0
       0
       0
       0
       0
       0
       0
       0
       0
       0
       0
       0
       0
       0
       0
       0
       0
       0
       0
$ROI:
1
1387 1583
$PRESETS:
None
0
0
$ENER_FIT:
-29.623686 0.879633
$MCA_CAL:
3
-2.962369E+001 8.796325E-001 0.000000E+000 keV
$SHAPE_CAL:
3
2.556276E+001 3.311779E-002 0.000000E+000
